# callgrind format
version: 1
creator: callgrind-3.18.1
pid: 6174
cmd:  ./shortest_path
part: 1


desc: I1 cache: 
desc: D1 cache: 
desc: LL cache: 

desc: Timerange: Basic block 0 - 1270301994
desc: Trigger: Program termination

positions: line
events: Ir
summary: 6005688850


ob=(4) /usr/libexec/valgrind/vgpreload_core-amd64-linux.so
fl=(139) ???
fn=(466) 0x00000000000012f0
0 5

fn=(756) 0x00000000000010e0
0 11
cob=(2) ???
cfi=(50) ???
cfn=(762) 0x000000000483f040
calls=1 0 
0 74
0 10
cfn=(768) 0x0000000000001070
calls=1 0 
0 5
0 5

fn=(768)
0 5

fn=(458) 0x0000000000001170
0 12

ob=(3) /usr/lib/x86_64-linux-gnu/libc.so.6
fl=(174) ./string/../sysdeps/x86_64/multiarch/memmove-vec-unaligned-erms.S
fn=(620) __mempcpy_sse2_unaligned
199 539666
+1 539666
+1 539666
+1 539666
+17 539666
+1 539666
+2 3
+1 3
+1 3
+2 3
+1 3
+1 3
+4 3
360 539663
+1 539663
+2 1876
+4 1876
+1 1360
+1 1360
+1 1360
+1 1360
+1 247
+1 247
+2 247
+2 247
-2 1113
+2 1113
+6 516
+1 516
+1 516
+1 516
+1 516
+29 537787
+1 537787
+1 537787
+1 537787
+1 537787

fn=(622) memcpy@GLIBC_2.2.5
212 530802
+1 530802
+6 530802
+1 530802
+2 127971
+1 127971
+1 127971
+2 69195
+1 69195
+1 69195
+4 69195
360 402831
+1 402831
+2 236462
+4 236462
+16 236462
+1 236462
+1 236462
+1 236462
+1 236462
+29 166369
+1 166369
+1 166369
+1 166369
+1 166369
+7 27079
+1 27079
+1 27079
+1 27079
+1 27079
+1 27079
+1 27079
+11 58776
+1 58776
+2 42447
+1 42447
+1 42447
+2 15368
+1 15368
+1 15368
+1 15368
+1 15368
+1 15368
+1 15368
+1 15368
+1 15368
+1 15368
+1 15368
+1 15368
+1 15368
+1 15368
+1 15368
+4 16329
+1 16329
+4 16329
+2 16329
+4 16329
+1 16329
+11 16329
+3 16329
+2 16329
+2 16329
+4 16329
+1 16329
+9 15294
+1 15294
+2 15294
+2 15294
+1 15294
+1 15294
+3 15294
+2 15294
+2 15294
+2 30588
+6 15294
+1 15294
+1 15294
+1 15294
+1 15294
+1 15294
+1 15294
+1 15294
+1 15294
+1 15294
+1 15294
+1 15294
-11 175653
+1 175653
+1 175653
+1 175653
+1 175653
+1 175653
+1 175653
+1 175653
+1 175653
+1 175653
+1 175653
+1 175653
+2 15294
+1 15294
+1 15294
+1 15294
+2 15294
+4 15294
+13 1035
+1 1035
+2 1035
+1 1035
+1 1035
+2 1035
+2 1035
+2 2070
+6 1035
+1 1035
+1 1035
+1 1035
+1 1035
+1 1035
+1 1035
+1 1035
+1 1035
+1 1035
+1 1035
+1 1035
-11 11287
+1 11287
+1 11287
+1 11287
+1 11287
+1 11287
+1 11287
+1 11287
+1 11287
+1 11287
+1 11287
+1 11287
+2 1035
+1 1035
+1 1035
+1 1035
+2 1035
+1 1035

fl=(98) ./wcsmbs/../sysdeps/x86_64/multiarch/wmemchr.c
fn=(328) wmemchr
31 2
fi=(197) ./wcsmbs/../sysdeps/x86_64/multiarch/ifunc-evex.h
+4 10
-1 4
fe=(98)
-3 2

fl=(102) ./wcsmbs/../sysdeps/x86_64/multiarch/wcscpy.c
fn=(336) wcscpy
43 1
-6 5
+6 1

fl=(110) ./string/../sysdeps/x86_64/multiarch/strcpy.c
fn=(354) strcpy
29 1
fi=(97) ./string/../sysdeps/x86_64/multiarch/ifunc-strcpy.h
+7 2
+1 1
-1 2
+14 3
fe=(110)
-21 1

fl=(193) ./stdlib/./stdlib/cxa_finalize.c
fn=(736) __cxa_finalize
30 4
+3 4
-3 14
+3 8
+3 6
+4 12
-4 6
+58 8
+4 12
-4 6
+11 4
+1 4
cfi=(194) ./posix/./posix/register-atfork.c
cfn=(738) __unregister_atfork
calls=2 -30 
* 32
+1 8
+1 16

fl=(114) ./wcsmbs/../sysdeps/x86_64/multiarch/wmemcmp.c
fn=(366) wmemcmp
29 1
fi=(115) ./wcsmbs/../sysdeps/x86_64/multiarch/ifunc-memcmp.h
+5 2
+1 1
-1 2
+16 3
fe=(114)
-21 1

fl=(147) ./csu/../sysdeps/nptl/libc_start_call_main.h
fn=(508) (below main)
29 4
+15 1
-15 5
+15 1
cfi=(148) ./setjmp/../sysdeps/x86_64/bsd-_setjmp.S
cfn=(510) _setjmp
calls=1 -16 
* 34
* 1
+2 2
+5 2
+1 2
+3 2
+3 6
cob=(5) /home/anto/Desktop/API_Project/API_Project_Repo/c_code/shortest_path
cfi=(151) /home/anto/Desktop/API_Project/API_Project_Repo/c_code/shortest_path.c
cfn=(516) main
calls=1 +1 
* 6005536942
* 1
+16 1
cfi=(188) ./stdlib/./stdlib/exit.c
cfn=(716) exit
calls=1 +68 
* 1642

fl=(118) ./string/../sysdeps/x86_64/multiarch/strspn.c
fn=(376) strspn
29 1
fi=(198) ./string/../sysdeps/x86_64/multiarch/ifunc-sse4_2.h
+1 5
fe=(118)
-1 1

fl=(181) ./misc/../sysdeps/unix/syscall-template.S
fn=(666) sysinfo
120 5
+2 1

fl=(157) ./libio/./libio/filedoalloc.c
fn=(534) _IO_file_doallocate
78 18
+6 8
fi=(173) ./libio/./libio/libioP.h
940 6
+2 4
+1 4
fe=(157)
84 6
cfi=(156) ./libio/./libio/fileops.c
cfn=(536) _IO_file_stat
calls=2 1146 
* 36
* 4
+2 8
+11 8
+4 4
cob=(2)
cfi=(50)
cfn=(542) 0x000000000487c380
calls=2 0 
* 1991
* 2
+1 4
+2 8
cfi=(155) ./libio/./libio/genops.c
cfn=(568) _IO_setb
calls=2 329 
* 48
+1 2
+1 16

fl=(164) ./misc/./misc/sbrk.c
fn=(564) sbrk
37 908
+6 454
-6 454
+3 454
-3 908
+3 454
+3 454
+20 32
+15 470
-20 908
+1 2
cfi=(165) ./misc/../sysdeps/unix/sysv/linux/brk.c
cfn=(566) brk
calls=1 -24 
* 9
* 2
+4 1
-1 908
+4 1688
+8 422
cfi=(165)
cfn=(566)
calls=422 -39 
* 4518
* 844
-14 360
+18 1800

fl=(170) ./stdlib/../stdlib/strtol_l.c
fn=(590) ____strtol_l_internal
225 13641612
+54 4547204
-54 18188816
+19 4547204
-19 13641612
+14 4547204
-14 4547204
+26 9094408
+31 18188816
+9 27283224
+2 9094408
+5 9094408
-1 4547204
+6 9094408
+4 9094408
+10 9083040
+10 18166080
-82 9083040
377 4541520
+56 18166080
309 4547204
449 4547204
+10 13641612
-10 4547204
+10 4547204
+12 9094408
-5 37087395
+5 37087395
+1 111262185
-41 74174790
+2 139255172
+2 111262185
+28 111262185
+3 74174790
+11 9094408
+5 13641612
+1 4547204
+5 9094408
324 9083040
491 13641612
-2 9094408
+17 22736020
+18 36377632
309 11368
+15 11368
+3 17052
-82 5684
377 5684
-50 11368

fl=(121) ./string/../sysdeps/x86_64/multiarch/rawmemchr.c
fn=(384) rawmemchr
31 1
fi=(199) ./string/../sysdeps/x86_64/multiarch/ifunc-evex.h
+4 5
-1 2
fe=(121)
-3 1

fl=(156)
fn=(642) _IO_file_write@@GLIBC_2.2.5
1173 8393
+2 7194
+5 1199
cfi=(175) ./io/../sysdeps/unix/sysv/linux/write.c
cfn=(644) write
calls=1199 25 
* 10791
+1 2398
+5 1199
+1 1199
-12 2398
+4 3597
+1 2398
+10 3597
+3 7194
-4 3597

fn=(536)
1146 2
+1 4
cfi=(158) ./io/../sysdeps/unix/sysv/linux/fstat64.c
cfn=(538) fstat
calls=2 29 
* 30

fn=(610) _IO_do_write@@GLIBC_2.2.5
423 1200
+2 3600
+1 1
-3 1199
fi=(173)
940 1199
fe=(156)
423 2398
fi=(173)
940 1199
fe=(156)
423 1199
fi=(173)
940 2398
fe=(156)
423 5995
+20 1199
-10 2398
+7 4796
fi=(173)
942 2398
+1 2398
fe=(156)
448 4796
cfn=(642)
calls=1199 1173 
* 55154
* 1199
+1 5995
+2 1199
+4 2398
-3 2398
-1 2398
+4 3597
-2 1199
-28 4796
+1 9592
+28 3597

fn=(788) _IO_file_sync@@GLIBC_2.2.5
792 10
+5 8
+2 2
+1 4
+11 4
+4 8

fn=(572) _IO_file_read
1130 12254
+1 12254
+2 12254
-1 12254
+1 24508
cfi=(166) ./io/../sysdeps/unix/sysv/linux/read.c
cfn=(574) read
calls=12254 25 
* 98032

fn=(530) _IO_file_underflow@@GLIBC_2.2.5
461 12254
+4 36762
-4 98032
+7 24508
+6 36762
+3 24508
+12 24506
+9 24508
fi=(173)
940 12254
+2 12254
-2 12254
fe=(156)
505 24508
cfi=(155)
cfn=(570) _IO_switch_to_get_mode
calls=12254 164 
* 306350
+6 12254
+5 12254
-5 12254
fi=(173)
942 24508
fe=(156)
511 12254
fi=(173)
942 12254
fe=(156)
511 36762
fi=(173)
943 24508
fe=(156)
516 49016
cfn=(572)
calls=12254 1130 
* 171556
+2 24508
+16 12253
-9 12253
+9 24506
+2 24506
+1 98024
-6 1
-10 5
+11 1
-11 2
+16 8
-57 3
+5 2
cfi=(155)
cfn=(532) _IO_doallocbuf
calls=1 343 
* 1923
+4 4

fn=(608) _IO_file_overflow@@GLIBC_2.2.5
731 6000
+1 4800
+7 5998
+37 1199
-2 2400
-32 2
+12 2
+9 3
+5 3
+2 2
-3 2
+3 1
+1 1
-6 1
+1 1
+5 4
+16 1200
-12 1200
+1 1200
+11 2400
-12 1200
cfn=(610)
calls=1200 423 
* 131895
-31 2
cfi=(155)
cfn=(532)
calls=1 343 
* 306
+1 1
+9 1
-9 5

fn=(606) _IO_file_xsputn@@GLIBC_2.2.5
1197 2703960
+7 540792
-7 1622376
+6 2161210
+9 1079626
-2 2159252
+17 1619439
+1 539666
+3 1618998
+2 539666
+2 539666
+2 1079332
-2 539666
+1 539666
+1 539666
-2 539666
cob=(2)
cfi=(50)
cfn=(618) 0x000000000487c3e0
calls=539666 0 
* 8100596
* 539666
+4 1079332
+28 4867128
-36 147
+12 147
fi=(173)
940 441
+2 294
+1 294
fe=(156)
1243 1052
fi=(173)
940 3156
+2 2104
+1 2104
fe=(156)
1243 3597
cfn=(608)
calls=1199 731 
* 159696
* 2398
+6 2398
+1 8393
+2 2398
+11 3597
+1 4796
cfi=(155)
cfn=(612) _IO_default_xsputn
calls=1199 371 
* 87298
+2 3597

fn=(784) _IO_file_setbuf@@GLIBC_2.2.5
381 6
+1 2
cfi=(155)
cfn=(786) _IO_default_setbuf
calls=2 +70 
* 138
* 4
+3 2
+4 4
-2 6
+3 4

fl=(79) ./string/../sysdeps/x86/cacheinfo.c
fn=(286) __x86_cacheinfo
86 1
fi=(80) ./string/../sysdeps/x86/cacheinfo.h
-25 1
+3 3
+2 1
+1 1
-1 2
+7 3
+2 1
+1 1
-1 2
+5 2
+2 2
+1 2
+1 2
+2 2
fe=(79)
* 2

fl=(172) ./libio/./libio/iofwrite.c
fn=(604) fwrite
31 2689275
+1 537855
-1 537855
+1 537855
-1 1075710
+4 1075710
+2 9143535
+1 1613566
+1 1
fi=(173)
940 3
+2 2
+1 2
fe=(172)
39 537854
fi=(173)
940 1613562
+2 1075708
+1 1075708
fe=(172)
39 2151420
cfi=(156)
cfn=(606)
calls=537855 1197 
* 33094862
+6 537855
-6 537855
+6 537855
fi=(173)
883 1075710
+1 4302840
fe=(172)
45 1075710
+1 537855
+3 4840695
-11 1075708

fl=(120) ./string/../sysdeps/x86_64/multiarch/strncase.c
fn=(382) strncasecmp
31 1
fi=(200) ./string/../sysdeps/x86_64/multiarch/ifunc-strcasecmp.h
+1 5
fe=(120)
-1 1

fl=(94) ./string/../sysdeps/x86_64/multiarch/memmove.c
fn=(318) memmove
29 2
fi=(90) ./string/../sysdeps/x86_64/multiarch/ifunc-memmove.h
+24 6
-1 4
+4 6
+14 4
+27 4
+1 4
+2 10
fe=(94)

fl=(186) ./stdio-common/./stdio-common/_itoa.c
fn=(706) _itoa_word
163 1958
+3 3916
+2 1958
+9 124724
+9 1958

fl=(93) ./string/../sysdeps/x86_64/multiarch/strrchr.c
fn=(316) rindex
28 1
fi=(201) ./string/../sysdeps/x86_64/multiarch/ifunc-avx2.h
+5 5
-1 2
fe=(93)
-4 1

fl=(111) ./string/../sysdeps/x86_64/multiarch/strcasecmp_l.c
fn=(358) strcasecmp_l
31 1
fi=(200)
+1 5
fe=(111)
-1 1

fl=(148)
fn=(510)
28 1
+2 1
+2 1
cfi=(149) ./setjmp/../sysdeps/x86_64/setjmp.S
cfn=(512) __sigsetjmp
calls=1 -2 
* 31

fl=(116) ./string/../sysdeps/x86_64/multiarch/stpcpy.c
fn=(370) stpcpy
33 1
fi=(97)
+3 2
+1 1
-1 2
+14 3
fe=(116)
-17 1

fl=(162) ./stdlib/../sysdeps/unix/sysv/linux/getrandom.c
fn=(550) getrandom
28 1
+1 7
+1 1

fl=(105) ./string/../sysdeps/x86_64/multiarch/memcmp.c
fn=(344) bcmp
29 1
fi=(106) ./string/../sysdeps/x86_64/multiarch/ifunc-memcmp.h
+5 2
+1 1
-1 2
+16 3
fe=(105)
-21 1

fl=(99) ./string/../sysdeps/x86_64/multiarch/strncmp.c
fn=(330) strncmp
66 1
-25 4
+15 4
+1 2
+9 1

fl=(145) ./csu/../csu/libc-start.c
fn=(486) __libc_start_main@@GLIBC_2.34
242 12
343 3
+1 3
cfi=(146) ./stdlib/./stdlib/cxa_atexit.c
cfn=(488) __cxa_atexit
calls=1 69 
* 71
+25 6
+6 2
-3 2
+10 2
cob=(2)
cfi=(50)
cfn=(502) 0x000000000487c6d0
calls=1 0 
* 836
+2 2
+8 4
cfi=(147)
cfn=(508)
calls=1 29 
* 6005538646
128 2
+6 3
+1 6
cob=(2)
cfi=(50)
cfn=(492) 0x0000000000109000
calls=1 0 
* 7
* 1
+3 1
+1 2
+3 2
+1 2
-1 1
+2 7
+1 4
cob=(5)
cfi=(144) ???
cfn=(496) 0x0000000000001240
calls=1 0 
* 12
-1 4

fl=(191) ./nptl/./nptl/pthread_mutex_lock.c
fn=(724) pthread_mutex_lock@@GLIBC_2.2.5
77 1
+3 3
+2 1
+2 2
-7 2
+11 2
+79 1
+3 1
+2 1
+3 1
+2 1
+1 3
-81 2
+11 4
+4 1
+3 2
-71 1
+1 8
+1 1
+84 3
+1 2

fl=(86) ./string/../sysdeps/x86_64/multiarch/memset.c
fn=(300) memset
29 2
fi=(87) ./string/../sysdeps/x86_64/multiarch/ifunc-memset.h
+21 10
+3 6
+7 4
+9 4
+29 8
fe=(86)
-69 2

fl=(131) ./ctype/./ctype/ctype-info.c
fn=(418) __ctype_init
29 1
+2 7
+2 4
+2 4
+1 1

fl=(165)
fn=(566)
35 423
+1 1692
+1 846
+6 63
+1 63
-5 720
+1 720

fl=(84) ./wcsmbs/../sysdeps/x86_64/multiarch/wcsnlen.c
fn=(296) wcsnlen
29 1
fi=(85) ./wcsmbs/../sysdeps/x86_64/multiarch/ifunc-wcslen.h
+5 4
-1 2
+15 4
fe=(84)
-19 1

fl=(109) ./string/../sysdeps/x86_64/multiarch/strchrnul.c
fn=(352) strchrnul
31 1
fi=(201)
+2 5
-1 2
fe=(109)
-1 1

fl=(92) ./string/../sysdeps/x86_64/multiarch/strchr.c
fn=(314) index
61 1
-20 2
+1 1
-1 2
-1 2
+15 4
+6 1

fl=(103) ./string/../sysdeps/x86_64/multiarch/strcat.c
fn=(338) strcat
29 1
fi=(97)
+7 2
+1 1
-1 2
+14 3
fe=(103)
-21 1

fl=(117) ./string/../sysdeps/x86_64/multiarch/memchr.c
fn=(374) memchr
29 1
fi=(199)
+6 5
-1 2
fe=(117)
-5 1

fl=(108) ./string/../sysdeps/x86_64/multiarch/memrchr.c
fn=(350) memrchr
29 1
fi=(201)
+4 5
-1 2
fe=(108)
-3 1

fl=(155)
fn=(576) _IO_sputbackc
635 51541720
+3 30925032
+1 20616688
+9 10308344
+3 41233376
-10 20616688
+1 10308344
+5 10308344

fn=(526) __uflow
299 61270
+1 36762
+5 36762
+3 12254
173 12254
308 24508
+2 24508
+6 24508
+7 12254
fi=(173)
940 36762
+2 24508
+1 24508
fe=(155)
323 12254
+1 12254
-1 12254
+1 24508
-1 12254
cfn=(528) _IO_default_uflow
calls=12254 +38 
* 1521425
-23 24508
+21 36762

fn=(778) _IO_flush_all_lockp
686 12
+5 6
cfi=(154) ./nptl/./nptl/libc-cleanup.c
cfn=(524) __libc_cleanup_push_defer
calls=1 24 
* 10
+1 9
+3 1
-8 1
+5 2
+3 2
fi=(173)
940 4
fe=(155)
706 1
fi=(173)
942 2
+1 2
fe=(155)
706 3
cfi=(156)
cfn=(608)
calls=1 +25 
* 133
+1 3
+2 6
+2 3
-16 9
+2 3
+1 6
+3 20
+14 9
+1 2
cfi=(154)
cfn=(578) __libc_cleanup_pop_restore
calls=1 39 
* 8
+4 12

fn=(786)
452 4
fi=(173)
940 2
fe=(155)
452 4
fi=(173)
940 2
fe=(155)
452 2
fi=(173)
940 2
fe=(155)
452 8
+1 2
fi=(173)
942 4
+1 4
fe=(155)
453 4
cfi=(156)
cfn=(788)
calls=2 792 
* 36
* 4
+4 2
330 2
462 2
-7 4
332 4
+5 2
-5 2
+5 2
467 2
332 2
466 8
+2 12
-11 2
+1 4
-1 2
330 8

fn=(612)
371 1199
+3 2398
-3 9592
fi=(173)
940 1199
fe=(155)
371 1199
fi=(173)
940 1199
fe=(155)
371 1199
fi=(173)
940 1199
fe=(155)
371 2398
+18 2398
+8 1199
+2 2398
-20 4796
+2 3597
+3 2398
+20 1199
-29 1199
+29 8393
-11 10186
+1 324
-1 324
+1 36
-1 36
+1 10
-1 10
+1 8
-1 8
+1 6
-1 6
+1 2
-1 2
+1 5984
-1 2830
+1 1804
-1 2706
+1 5182
-1 8675

fn=(776) _IO_cleanup
863 2
+3 1
-3 9
-77 1
+80 1
cfn=(778)
calls=1 686 
* 269
-80 2
+80 1
-80 3
cfi=(154)
cfn=(524)
calls=1 24 
* 10
+1 9
+3 1
-3 2
+3 2
fi=(173)
940 4
fe=(155)
838 3
-48 9
+9 9
+2 6
+6 26
+8 10
+9 2
fi=(173)
942 4
+1 4
fe=(155)
824 8
cfi=(156)
cfn=(784)
calls=2 381 
* 166
+2 6
+4 10
+1 16
+11 9
+1 2
cfi=(154)
cfn=(578)
calls=1 39 
* 8
+35 12
-59 2
-2 2
+3 2
-3 2
+2 6

fn=(532)
343 2
+1 4
-1 6
+3 8
+1 2
fi=(173)
940 6
+2 4
+1 4
fe=(155)
347 4
cfi=(157)
cfn=(534)
calls=2 78 
* 2177
* 4
+3 8

fn=(568)
329 18
+1 8
+5 4
-3 2
+3 8
+3 8

fn=(570)
164 61270
+1 36762
+3 36762
+4 24508
+1 24508
+7 12254
-4 12254
+4 12254
-2 24508
+3 12254
+1 49016

fn=(528)
361 24508
fi=(173)
940 24508
fe=(155)
361 12254
fi=(173)
940 12254
fe=(155)
361 24508
+1 12254
fi=(173)
942 24508
+1 24508
fe=(155)
362 24508
cfi=(156)
cfn=(530)
calls=12254 +99 
* 1215079
+1 24508
+2 49012
+1 49016

fl=(91) ./wcsmbs/../sysdeps/x86_64/multiarch/wcschr.c
fn=(312) wcschr
31 2
fi=(202) ./wcsmbs/../sysdeps/x86_64/multiarch/ifunc-avx2.h
+2 10
-1 4
fe=(91)
-1 2

fl=(154)
fn=(578)
39 4704324
+3 9408648
+2 9408648
+1 9408648
+2 4704324

fn=(524)
24 4704324
+3 9408648
+3 18817296
+1 4704324
+2 4704324
+1 4704324

fl=(177) ./posix/../sysdeps/unix/sysv/linux/x86/sysconf.c
fn=(658) sysconf
32 20
+1 6
fi=(178) ./posix/../sysdeps/unix/sysv/linux/x86/../sysconf.c
+16 16
fi=(179) ./posix/../sysdeps/posix/sysconf.c
+7 18
fi=(178)
-7 4
fe=(177)
-12 9
fi=(179)
+19 7
217 1
cfi=(182) ./misc/../sysdeps/unix/sysv/linux/getpagesize.c
cfn=(668) getpagesize
calls=1 27 
* 6
* 2
632 3
fe=(177)
37 5
fi=(179)
632 1
cfi=(180) ./misc/../sysdeps/unix/sysv/linux/getsysstats.c
cfn=(664) get_phys_pages
calls=1 302 
* 88
fe=(177)

fl=(182)
fn=(668)
27 2
+1 8
+2 2

fl=(119) ./string/../sysdeps/x86_64/multiarch/mempcpy.c
fn=(378) mempcpy
33 1
fi=(90)
+20 3
-1 2
+4 3
+14 2
+27 2
+1 2
+2 5
fe=(119)

fl=(184) ./stdio-common/./stdio-common/vfprintf-internal.c
fn=(700) __vfprintf_internal
1180 11748
+30 4895
+8 2937
+4 4895
+11 1958
+11 979
fi=(203) ./stdio-common/./stdio-common/printf-parse.h
111 1958
fe=(184)
1244 4895
fi=(203)
111 979
cob=(2)
cfi=(50)
cfn=(702) 0x000000000487c4d0
calls=979 0 
* 22517
fe=(184)
1259 979
fi=(203)
111 979
fe=(184)
1259 2937
239 979
fi=(204) ./stdio-common/../libio/libioP.h
940 979
fe=(184)
1263 979
fi=(204)
942 979
-2 979
fe=(184)
1263 979
fi=(204)
940 1958
+2 1958
+1 1958
fe=(184)
239 3916
cfi=(156)
cfn=(606)
calls=979 1197 
* 19580
* 1958
127 8811
1263 1958
+4 2937
+4 7832
1532 979
1214 979
+34 979
-8 979
1532 2937
+23 979
-39 979
+39 979
-39 979
+39 1958
1313 14685
+39 979
-51 979
-1 979
-1 979
-1 979
+5 979
1501 979
fi=(203)
88 979
fe=(184)
1352 979
-46 979
-4 979
+50 979
1501 979
1295 979
-1 979
-1 979
-1 979
-1 979
+16 1958
1608 1958
+1 1958
+3 11748
-4 8811
1218 1958
+41 3916
cfi=(154)
cfn=(524)
calls=979 24 
* 9790
+1 12727
-1 1958
1609 1958
cfi=(154)
cfn=(578)
calls=979 39 
* 7832
+2 979
-95 12727
cfi=(186)
cfn=(706)
calls=979 163 
* 134514
* 30349
192 1958
+47 979
fi=(204)
942 2937
+1 1958
fe=(184)
239 3916
cfi=(156)
cfn=(606)
calls=979 1197 
* 60178
* 1958
127 12727
1517 1958
-54 979
+53 1958
+73 979
fi=(203)
111 979
fe=(184)
1583 979
fi=(203)
111 1958
cob=(2)
cfi=(50)
cfn=(702)
calls=979 0 
* 22517
fe=(184)
239 979
fi=(204)
942 979
fe=(184)
1593 979
fi=(203)
111 979
fi=(204)
942 979
fe=(184)
1593 979
fi=(204)
942 979
+1 1958
fe=(184)
239 3916
cfi=(156)
cfn=(606)
calls=979 1197 
* 62656
* 1958
127 12727
1593 1958
+2 2937
-79 19580
192 1958
1392 1958
1516 19580

fl=(188)
fn=(718) __run_exit_handlers
40 11
+5 2
+3 5
+50 1
-42 1
+2 3
+8 6
+2 1
+3 1
-3 1
+3 6
+34 1
+1 1
+1 1
-2 1
+7 1
-3 2
+3 3
+1 3
cob=(1) /usr/lib/x86_64-linux-gnu/ld-linux-x86-64.so.2
cfi=(190) ./elf/./elf/dl-fini.c
cfn=(722) _dl_fini
calls=1 -82 
* 897
+1 4
+10 2
+1 2
-63 1
+69 4
+2 2
+1 6
cfi=(155)
cfn=(776)
calls=1 863 
* 641
* 3
+2 2
cfi=(196) ./posix/../sysdeps/unix/sysv/linux/_exit.c
cfn=(790) _Exit
calls=1 27 
* 5
-90 1
cfi=(189) ./stdlib/./stdlib/cxa_thread_atexit_impl.c
cfn=(720) __call_tls_dtors
calls=1 149 
* 12
* 1

fn=(716)
142 3
+1 3
-1 1
+1 1
cfn=(718)
calls=1 40 
* 1634

fl=(82) ./string/../sysdeps/x86_64/multiarch/strpbrk.c
fn=(292) strpbrk
29 1
fi=(198)
+1 5
fe=(82)
-1 1

fl=(107) ./wcsmbs/../sysdeps/x86_64/multiarch/wmemset.c
fn=(348) wmemset
31 2
fi=(205) ./wcsmbs/../sysdeps/x86_64/multiarch/ifunc-wmemset.h
+2 10
fe=(107)
-2 2

fl=(141) ./misc/./misc/init-misc.c
fn=(474) __init_misc
30 1
+1 2
-1 4
+1 3
+2 3
cob=(2)
cfi=(50)
cfn=(476) 0x000000000487c5f0
calls=1 -33 
* 27
+4 5
+1 3
+2 4

fl=(194)
fn=(738)
76 4
+1 2
-1 2
+1 6
fi=(195) ./posix/../malloc/dynarray-skeleton.c
243 2
fe=(194)
65 4
+38 8
+1 4

fl=(89) ./string/../sysdeps/x86_64/multiarch/memcpy.c
fn=(308) memcpy@@GLIBC_2.14
29 1
fi=(90)
+24 3
-1 2
+4 3
+14 2
+27 2
+1 2
+2 5
fe=(89)

fl=(143) ./libio/./libio/vtables.c
fn=(480) check_stdfiles_vtables
83 1
+1 4
+1 3
+1 3
+2 1

fl=(160) ./malloc/./malloc/malloc.c
fn=(554) tcache_init.part.0
3235 3
+9 8
+1 3
cfn=(556) _int_malloc
calls=1 1343 
* 367
* 1
+1 2
+8 4
+7 2
+2 1
+1 2
-1 1
+1 86
+3 4

fn=(558) sysmalloc
2548 3798
+20 1688
+11 844
+1 1266
+26 422
+1 1266
+1 422
+9 3372
+6 1266
+3 1266
2941 844
+1 422
+5 844
+3 844
+5 844
-2 422
+2 422
-1 422
+1 422
-3 422
+3 422
+1 422
-1 1266
+1 422
+2 844
+6 4642
2687 844
+9 1688
+13 1266
+8 2110
+8 844
+21 1440
+6 2520
cfn=(710) sysmalloc_mmap_fallback.constprop.0
calls=360 2508 
* 18725
+2 720
-2 360
+2 360
+4 360
+14 1080
-10 720
+2 844
+2 1266
+6 1684
+1 61
2946 61
2773 183
+2 722
+92 720
-65 360
+84 720
+10 361
-1 361
+1 1083
+1 361
+11 722
+7 720
+1 1080
+8 360
+2 360
+5 720
+2 1376
cfn=(634) _int_free
calls=344 4421 
* 34949
* 344
+8 344
+5 688
fi=(161) ./malloc/./malloc/arena.c
565 422
fe=(160)
2727 422
cfi=(163) ./malloc/./malloc/morecore.c
cfn=(562) __glibc_morecore
calls=422 25 
* 19600
+1 844
-1 422
+1 422
2028 62
2729 62
2028 62
2729 62
2028 124
2730 422
+3 844
+33 124
2610 124
2775 2
+40 3
+22 1
+1 1
-1 1
+1 6
+2 2
+1 3
cfi=(163)
cfn=(562)
calls=1 25 
* 28
+12 2
-12 1
+12 1
2028 4
2897 4
2765 2
-36 720
-16 3

fn=(544) malloc
3287 5080248
+7 1693416
1343 1693414
+19 3386832
3306 3386832
+3 1693414
+10 1703661
+28 2839435
1362 826315
3304 2478945
-63 4
cfn=(554)
calls=1 -6 
* 484
+68 2
+2 2370921
3193 557642
+1 557642
+2 278821
+1 278821
-1 836463
+1 278821
+1 278821
3347 1394105
-26 2271548
cfn=(556)
calls=567887 1343 
* 118969420
+1 2839435
fi=(161)
162 1135774
315 1
cfn=(548) ptmalloc_init.part.0
calls=1 -2 
* 1128
fe=(160)
1343 2

fn=(556)
1343 1135776
3771 567888
1362 567888
3771 4543104
1362 1135776
3811 86
+27 86
+66 500304
+2 500304
-2 500304
+2 1000608
+2 6083
+1 12166
+6 6083
-4 6083
+1 6083
+1 6083
+2 12166
+7 24332
-1 12166
+1 12166
3181 6083
3927 6083
3183 6083
3927 6083
3181 6083
3927 142002
+1 82932
+4 41251
+1 41251
+1 82502
3181 41251
3936 41251
3185 41251
3937 41251
3181 41251
+2 206255
-6 41251
+9 41251
-9 41251
+8 41251
+1 41251
1362 1135690
3811 1135690
4397 1135690
3838 1135690
+63 113988
+62 1805620
+1 169203
+1 268
cfn=(688) malloc_consolidate
calls=134 4715 
* 23539865
* 177
3838 86
1362 43
3843 86
+2 86
+2 22366
-6 11183
+9 11183
+1 11183
-1 22366
+1 55915
+5 22366
+1 22366
+7 11183
-1 22366
+1 55915
+5 11183
+1 11183
3183 11183
3870 11183
+5 336335
3181 134534
+2 67267
+2 67267
-2 134534
+2 67267
-8 67267
+8 67267
3869 67267
+1 342431
+2 134534
+2 67267
+1 67267
-1 134534
-21 1532553
-10 510851
+2 2520835
4399 988442
3903 494221
4399 6424873
3983 494221
+1 494221
-1 988442
-1 988442
+2 988442
-1 56401
+1 56401
-1 112802
-1 112802
+2 112802
-2 1651863
+12 550621
-6 550621
+73 2202484
-67 1651864
-6 1
+73 4
-67 54
4158 417200
-91 417200
+91 834400
-91 417200
-74 417200
3181 417200
4067 417200
3181 834400
4025 834400
3183 834400
3997 1668800
+1 417200
+2 834400
-3 279040
+1 69760
+2 139520
+1 1460880
+2 486960
+1 1947840
+2 1947840
-10 486960
+12 973920
+1 973920
+2 973920
+11 1747784
+31 115246
+1 115246
+4 230492
+29 163852
+2 143872
+1 215808
+1 71936
-1 71936
+57 71936
+2 143872
-2 143872
+2 71936
+7 71936
-9 215808
+9 71936
-7 71936
+1 71936
+1 71936
+6 143872
-10 9990
+2 19980
-2 19980
+2 9990
+7 9990
-9 29970
+9 9990
-7 9990
+1 9990
+1 9990
+6 19980
3994 11662
2005 116016
4413 5110992
2005 6083
3944 6083
2005 12166
4060 33320
+1 33320
-1 33320
+1 66640
+5 33320
-21 33320
+21 33320
+1 23324
2005 54978
4095 80702
+1 198
+1 66
-1 66
+4 132
-4 29772
+1 9924
-1 9924
+4 19848
+5 6307
-2 12614
+2 18921
+1 12614
+7 354
-1 1416
+2 1062
+52 245778
3994 245778
4183 291210
+2 86736
+3 28912
-3 28912
+3 57824
+1 51232
+67 291188
+1 145594
+1 145594
-1 145594
+1 145594
+1 291188
+1 436782
+5 365000
+16 184111
+2 368222
-4 438824
+8 35301
+3 70602
+2 12740
+1 12740
+1 12740
-2 50960
-27 12740
3181 5831
+2 5831
+2 5831
-4 5831
+2 23324
4071 5831
3184 5831
+1 5831
4071 5831
3963 232
4144 11049
4023 773864
+1 773788
+5 371714
-1 743428
+3 371714
-1 371714
+1 743428
+1 371714
+1 743428
+2 297756
+4 148878
+6 148878
-6 1042146
+2 446634
+1 148878
2005 446634
4039 222836
+6 222836
-6 1559852
+2 668508
+1 222836
2005 668508
4269 402738
+3 535144
-3 386247
+3 414536
-3 194938
+3 292356
+97 123033
+1 246066
+2 246066
+3 369977
+17 1317
+2 34
cfn=(688)
calls=17 4715 
* 1530
+3 17
-1 51
+1 17
-1 17
3904 1779
4118 29765
+3 2785
+1 8355
-3 17476
+6 5953
+6 1623
+2 1623
+2 541
+1 1623
+2 541
+1 1082
-1 5412
+1 10824
-11 10824
4299 67683
+3 45122
+2 22561
+3 45122
-3 22561
+3 45122
cfn=(638) unlink_chunk.constprop.0
calls=22561 1626 
* 583479
+3 90244
+15 37172
-5 18586
+5 37172
+1 37172
+3 18586
+1 18586
+1 18586
+3 37172
+1 15236
+1 37172
+2 18096
+3 72384
+2 27144
+1 9048
2005 9048
4347 9048
2005 18096
4341 76304
+2 28614
+1 9538
2005 9538
4347 9538
2005 23051
4347 3975
2005 7950
4272 11202
+2 44808
+1 22404
-1 44
+1 22
-3 22
+41 3975
-1 3975
+1 7950
3193 17493
+1 11662
+2 23324
+1 5831
+1 5831
4174 5831
+18 22
+1 11
+2 11
-2 110
+6 22
+2 9
-1 18
+4 9
+1 27
cfn=(638)
calls=9 1626 
* 290
-1 2
+1 6
cfn=(638)
calls=2 1626 
* 76
-1 11
+4 33
+13 2
-4 1
+4 2
+1 2
+3 1
+1 1
+1 1
+1 2
+2 2
+3 8
+2 3
+1 1
2005 1
4239 1
2005 12
4239 10
2005 20
4380 122594
-2 245188
+2 122594
-1 122594
+6 122594
-5 122594
-3 122594
+3 122594
+2 122594
-2 490376
2005 122594
4382 122594
2005 245188
4407 1688
cfn=(558)
calls=422 2548 
* 137825
* 422
+1 844
2005 1266
4211 10
-1 10
+1 20

fn=(634)
4421 6550848
+10 818856
-10 2456568
+10 1637712
+6 4094280
+1 1637712
+4 3275424
+8 4094280
-1 1637712
+1 1637712
+29 790324
-20 790324
-6 790324
+6 1580648
+20 3161296
+14 1296748
+11 2477452
+2 1858089
2012 1858089
4527 619363
+1 619363
+4 1858089
+2 1858089
+4 1238726
+2 2477452
+1 619363
+19 2472646
4702 9007416
4569 58022
+3 29011
+3 87033
+7 29011
-4 29011
+4 58022
+3 58022
+5 87033
+3 58022
+1 58022
+1 58022
2012 87033
4601 58022
+1 149
+2 149
-1 149
+2 596
+2 298
cfn=(638)
calls=149 1626 
* 3939
+3 58022
+5 57888
+4 28474
+9 28474
-1 28474
+1 85422
+1 56948
-1 470
-1 470
+1 1410
+1 940
+2 28944
+2 57888
+5 28944
+1 28944
+2 86832
+1 28944
+30 58022
+20 87033
3181 170482
+4 170482
-4 170482
+2 681928
+1 170482
+1 170482
4482 170482
4635 85395
+38 279
+3 186
+2 93
-2 93
-23 67
+1 201
+1 134
-39 470
+1 470
-1 470
cfn=(638)
calls=470 1626 
* 12377
+1 470
-30 12453
-2 8302
+89 34
cfn=(688)
calls=17 +41 
* 16140616
* 17
+4 372
+2 106
cfn=(714) systrim.constprop.0
calls=53 2986 
* 2410
* 53

fn=(710)
2508 2520
+4 360
-4 720
+7 720
+1 5
+3 720
+5 360
-1 720
+3 2880
cfi=(187) ./misc/../sysdeps/unix/sysv/linux/mmap64.c
cfn=(712) mmap
calls=360 47 
* 3240
* 360
+3 720
+4 720
+7 360
+2 360
+2 2520
2028 1440

fn=(688)
4715 168
+17 168
-17 672
+28 168
-28 504
+15 168
+2 168
+13 336
+1 336
-1 3024
+1 3024
+62 5040
+1 1344
-31 1079214
+4 552522
+2 276261
+1 552522
+1 552522
+2 552522
-4 263346
+1 526692
+1 526692
+2 526692
+1 109982
+4 54991
+2 54991
-2 109982
+3 54991
+9 109982
-12 484616
+2 484616
-2 969232
+3 484616
+9 1511440
-56 1081156
+4 1621734
+1 2162312
+8 540578
-3 1081156
+3 540578
-3 540578
+4 540578
-4 540578
+5 540578
-5 540578
+5 1081156
+2 1081156
+1 218977
+2 218977
-1 218977
+2 875908
+2 1313862
cfn=(638)
calls=218977 1626 
* 4893019
* 875908
+3 1081156
+25 971
+1 1942
+1 1942
-23 263346
+1 790038
+16 263346
-16 263346
cfn=(638)
calls=263346 1626 
* 5863998
* 790038

fn=(630) free
3352 818512
+4 1637024
-4 818512
+14 818512
-14 1637024
+12 818512
+4 818512
-4 818512
+4 1637024
+17 2455536
fi=(161)
162 2455536
fe=(160)
3391 1637024
cfn=(634)
calls=818512 4421 
* 82661953
+3 818512
+1 3274048

fn=(638)
1626 505514
+2 2527570
+3 1011028
+1 505514
-1 1516542
+3 2022056
+3 505514
+1 505514
+1 1186822
+2 9218
+1 27654
+3 9218
+14 4574
+1 9148
+3 1011028
-16 70
+4 31
+2 62
+1 93
-6 8

fn=(714)
2986 53
-9 159
+9 106
+2 53
+1 106
+5 53
+1 53
-1 106
+4 265
+2 106
-10 53
+50 212
-33 62
cfi=(163)
cfn=(562)
calls=31 25 
* 868
* 31
+1 124

fl=(140) ./csu/./csu/init-first.c
fn=(472) _init_first
46 4
+5 2
+4 5
+8 1
-2 1
+10 1
-9 1
+1 1
+9 2
-1 1
cfi=(141)
cfn=(474)
calls=1 -41 
* 52

fl=(130) ./elf/./elf/libc_early_init.c
fn=(416) __libc_early_init
33 7
+2 1
cfi=(131)
cfn=(418)
calls=1 -6 
* 17
+3 1
fi=(133) ./elf/../sysdeps/nptl/pthread_early_init.h
-5 2
fe=(130)
+8 1
-3 1
fi=(133)
-5 1
cfi=(132) ./resource/../sysdeps/unix/sysv/linux/getrlimit64.c
cfn=(420) getrlimit
calls=1 +5 
* 10
* 3
+1 6
+11 1
fi=(206) ./elf/../nptl/nptl-stack.h
+13 3
fi=(133)
-13 1
fi=(206)
+13 2
fi=(133)
-4 1
fi=(206)
+4 2
fi=(133)
-6 1
fi=(206)
+6 1
fi=(133)
-12 1
+6 6
+1 1
+4 1
cfi=(134) ./nptl/./nptl/pthread_mutex_conf.c
cfn=(424) __pthread_tunables_init
calls=1 -7 
* 884
fe=(130)
-10 3
+2 2
-2 1
cfi=(137) ./nptl/../sysdeps/unix/sysv/linux/x86/elision-conf.c
cfn=(438) __lll_elision_init
calls=1 +49 
* 147

fl=(88) ./wcsmbs/../sysdeps/x86_64/multiarch/wcslen.c
fn=(304) wcslen
29 1
fi=(85)
+5 4
-1 2
+15 4
fe=(88)
-19 1

fl=(163)
fn=(562)
25 454
+1 908
-1 454
+4 454
cfi=(164)
cfn=(564)
calls=454 +8 
* 16050
+1 908
+4 188
-7 360
+7 720

fl=(149)
fn=(512)
30 1
+2 1
+9 1
+1 2
+1 1
+4 1
+1 1
+1 1
+1 1
+1 1
+2 2
+2 1
+1 1
+1 1
+2 2
+2 1
+5 1
+1 1
+17 1
cfi=(150) ./setjmp/./setjmp/sigjmp.c
cfn=(514) __sigjmp_save
calls=1 -56 
* 9

fl=(159) ./io/../sysdeps/unix/sysv/linux/fstatat64.c
fn=(540) fstatat
153 4
-55 4
+70 6
+1 2

fl=(158)
fn=(538)
29 4
+1 4
+5 6
cfi=(159)
cfn=(540)
calls=2 153 
* 16

fl=(100) ./string/../sysdeps/x86_64/multiarch/strcasecmp.c
fn=(332) strcasecmp
31 1
fi=(200)
+1 5
fe=(100)
-1 1

fl=(189)
fn=(720)
149 4
+1 4
+18 4

fl=(104) ./string/../sysdeps/x86_64/multiarch/strncase_l.c
fn=(342) strncasecmp_l
31 1
fi=(200)
+1 5
fe=(104)
-1 1

fl=(185) ./string/../sysdeps/x86_64/multiarch/../strchr.S
fn=(704) __strchrnul_sse2
23 1958
+1 1958
+1 1958
+1 1958
+1 1958
+1 1958
+1 1958
+1 1958
+1 1958
+1 1958
+1 1958
+1 1958
+1 1958
+1 1958
+1 1958
+1 1958
+1 1958
+1 1958
+1 1958
+2 1958
+7 1958

fl=(166)
fn=(574)
25 12254
+1 73524
+1 12254

fl=(187)
fn=(712)
47 720
+3 720
+8 1440
+2 360

fl=(168) ./string/../sysdeps/x86_64/multiarch/strcmp-sse2-unaligned.S
fn=(584) __strcmp_sse2_unaligned
23 1845459
+1 1845459
+1 1845459
+1 1845459
+1 1845459
+1 1845459
+1 1845459
+1 1845459
+1 1845459
+1 1845459
+1 1845459
+1 1845459
+1 1845459
+1 1845459
+1 1845459
+1 1845459
+1 1845459
+2 1845459
+1 1845459
+1 1845459
+1 1845459
+1 1845459
+4 87082
+1 87082
+1 87082
+1 87082
+1 87082
+1 87082
+1 87082
+1 87082
+1 87082
+1 87082
+1 87082
+1 87082
+1 87082
+1 87082
+1 87082
+1 87082
+1 87082
+1 87082
+1 87082
+1 87082
+1 87082
+1 87082
+1 87082
+1 87082
+1 87082

fl=(137)
fn=(438)
96 2
+5 1
-5 1
+5 1
-5 3
+5 3
cob=(2)
cfi=(50)
cfn=(426) 0x000000000487c650
calls=1 0 
* 22
+2 4
cob=(2)
cfi=(50)
cfn=(426)
calls=1 0 
* 22
+2 4
cob=(2)
cfi=(50)
cfn=(426)
calls=1 0 
* 22
+2 4
cob=(2)
cfi=(50)
cfn=(426)
calls=1 0 
* 22
+2 4
cob=(2)
cfi=(50)
cfn=(426)
calls=1 0 
* 22
+4 3
+1 1
+1 6

fl=(134)
fn=(424)
50 2
+1 2
-1 4
+1 3
cob=(2)
cfi=(50)
cfn=(426)
calls=1 -51 
* 840
+2 4
cob=(2)
cfi=(50)
cfn=(426)
calls=1 -53 
* 23
+2 6

fl=(196)
fn=(790)
27 2
+3 1
+1 2

fl=(175)
fn=(644)
25 1199
+1 8393
+1 1199

fl=(153) ./stdio-common/./stdio-common/vfscanf-internal.c
fn=(522) __vfscanf_internal
278 61143459
+10 23516715
+1 4703343
fi=(167) ./stdio-common/../include/scratch_buffer.h
78 4703343
fe=(153)
289 4703343
fi=(167)
77 9406686
fe=(153)
339 4703343
fi=(167)
77 4703343
fe=(153)
339 18813372
+6 14110030
+3 18813372
+4 9406686
+13 4703343
-6 4703343
+8 9406686
-8 4703343
+8 4703343
+5 4703343
-5 4703343
+5 28220058
cfi=(154)
cfn=(524)
calls=4703343 24 
* 47033430
* 14110029
+9 4703343
-4 4703343
+4 14110029
570 4703343
284 4703343
-1 4703343
+10 4703343
-11 4703343
570 9406686
2429 18813372
328 9406686
+4 4703343
-5 4703343
-1 4703343
-1 4703343
-12 4703343
2180 4703343
2429 4703343
2180 23516715
418 11210006
+24 11210006
+1 11210006
+3 2254150
-65 22420008
3015 23516710
222 10308346
+1 10308346
-1 5154173
488 5154173
222 5154173
488 10308346
222 5154173
488 10308346
345 9406684
+3 2
+24 51736773
482 5154173
+22 20616692
+25 5154173
-4 20616692
+7 51541730
+80 10308346
+5 5154173
-1 10308346
+1 10308346
+1 14110029
+3 15462519
+1 41233384
+6 61846143
+3 20614072
-3 10307036
+3 41230760
-3 1308
+3 5232
-3 20616690
+3 6
+1 36079211
+1 25770862
+4 10308344
-4 10308344
cfi=(155)
cfn=(576)
calls=5154172 +2 
* 97929268
+4 41233376
-9 2618
cfi=(155)
cfn=(526)
calls=1309 299 
* 213987
* 2622
3025 61143459
cfi=(154)
cfn=(578)
calls=4703343 39 
* 37626744
fi=(167)
85 14110029
fe=(153)
3029 9406686
+17 9406684
+6 56440116
442 450830
+6 901660
618 12289122
3031 3
637 11
1398 45472040
+5 13641612
+9 27294592
+3 22736
260 5684
1415 5684
260 17052
+3 17052
1418 39776
+2 17043
-2 3
+2 28429
+11 5684
1733 11368
1431 11368
1733 9094408
+9 4547204
fi=(167)
113 18188816
fe=(153)
1742 9094408
fi=(167)
113 13641612
fe=(153)
1740 236131878
260 74163422
1797 37081711
260 74163422
+3 111245133
1799 148326844
+2 333699559
-68 74145502
+68 8960
-68 17920
+2 83257830
+2 22736020
+67 9094408
206 4547204
1811 9094408
214 9094408
1812 9094408
+28 27283224
cfi=(155)
cfn=(576)
calls=4547204 635 
* 86396876
260 13641612
+3 13641612
1844 9094408
1669 4547204
206 4547204
1862 9094408
1669 9094408
1861 13641612
+1 4547204
cfi=(169) ./stdlib/../stdlib/strtol.c
cfn=(588) __strtol_internal
calls=4547204 97 
* 1100244517
* 4547204
+6 13641612
+3 22736020
+6 4547204
-4 9094408
+4 9094408
+23 9094408
1390 4547204
-1 4547204
+2 4547204
1742 22736020
+59 17920
cfi=(155)
cfn=(526)
calls=8960 299 
* 1451520
* 26880
1435 18171764
+3 18188816
637 606968
1017 3034845
+2 3034845
+2 4855746
+10 1213936
-10 606968
+10 1820904
+71 606968
-81 4248776
+81 606968
-81 1820904
1144 63539758
1031 15882462
1144 7941231
1031 15886426
1144 1982
1031 3964
1144 7336245
-45 15886426
+3 7943213
-1 15886426
+1 15886426
-1 15886426
+43 7928
cfi=(155)
cfn=(526)
calls=1982 299 
* 321084
* 9910
2943 1213936
+40 1820904
+2 1213936
+8 1213936
-10 606968
+8 1213936
1418 6
cfi=(155)
cfn=(526)
calls=3 299 
* 486
* 9
1813 11368
+1 11368
+65 9094408
+17 45472040
2048 3034840
1033 1820904
cfi=(155)
cfn=(576)
calls=606968 635 
* 11532392
+1 606968
1881 9094408
+1 13641612
1023 6
-2 3
+1 1
-3 8497566

fl=(176) ./stdlib/./stdlib/msort.c
fn=(654) qsort
306 30
+1 60
cfn=(656) qsort_r
calls=30 165 
* 153362679

fn=(670) msort_with_tmp.part.0
39 180
+8 30
-8 30
+8 30
+1 60
-9 30
+11 30
-11 30
+11 30
-11 60
+11 30
-6 120
cfn=(671) msort_with_tmp.part.0'2
calls=30 -5 
* 71795559
* 210
cfn=(671)
calls=30 -5 
* 71798912
+12 30
-1 60
+4 30
-3 30
+1 30
+1 30
-1 30
+2 150
159 15
-1 75
cob=(2)
cfi=(50)
cfn=(674) 0x000000000487c620
calls=15 0 
* 215
+1 150
+1 210
-1 30
cob=(2)
cfi=(50)
cfn=(674)
calls=30 0 
* 274306
-97 60
+2 150
cob=(5)
cfi=(151)
cfn=(692) compare_descending
calls=14 466 
* 182
cob=(5)
cfi=(151)
cfn=(672) compare_ascending
calls=16 461 
* 208
* 1822145
cob=(5)
cfi=(151)
cfn=(692)
calls=163413 466 
* 2124369
cob=(5)
cfi=(151)
cfn=(672)
calls=201016 461 
* 2613208
* 728918
+8 182232
+4 182232
-3 182232
+1 182232
-12 364479
+97 30
-2 30
-91 182227
+10 182227
-9 182227
+1 182227
-6 364469

fn=(671)
39 2186754
+8 364459
-8 364459
+8 364459
+1 728918
-9 364459
+11 364459
-11 364459
+11 364459
-11 728918
+11 364459
-6 1025068
cfn=(671)
calls=148075 -5 
* 466642182
* 1810538
cfn=(671)
calls=216324 -5 
* 484880541
+12 216324
-1 432648
+4 216324
-3 216324
+1 216324
+1 216324
-1 216324
+2 1081620
159 166298
-1 831490
cob=(2)
cfi=(50)
cfn=(674)
calls=166298 0 
* 2441728
+1 1822295
+1 2551213
-1 364459
cob=(2)
cfi=(50)
cfn=(674)
calls=364459 0 
* 7997662
55 148135
+1 148135
-1 148135
+3 148135
-2 148135
+1 148135
+2 148135
-2 148135
+2 740675
+3 888810
+2 740675
cob=(5)
cfi=(151)
cfn=(692)
calls=67859 466 
* 882167
cob=(5)
cfi=(151)
cfn=(672)
calls=80276 461 
* 1043588
-2 432648
+2 1081620
cob=(5)
cfi=(151)
cfn=(692)
calls=95567 466 
* 1242371
cob=(5)
cfi=(151)
cfn=(672)
calls=120757 461 
* 1569841
* 19486730
cob=(5)
cfi=(151)
cfn=(692)
calls=1738874 466 
* 22605362
cob=(5)
cfi=(151)
cfn=(672)
calls=2158472 461 
* 28060136
* 8523610
+8 2165940
+4 2165940
-3 2165940
+1 2165940
-12 4498178
+97 396322
-2 396322
-91 2095865
+10 2095865
-9 2095865
+1 2095865
-6 4389891

fn=(656)
165 510
+6 60
-5 60
+8 60
+10 90
+29 180
+7 30
+1 30
-1 60
+1 30
cob=(2)
cfi=(50)
cfn=(542)
calls=30 0 
* 8872
+1 30
-1 30
+1 30
+1 90
+13 30
-3 30
+3 30
-2 30
+1 30
+1 30
+2 60
+45 60
+1 60
44 180
cfn=(670)
calls=30 -5 
* 153346816
298 60
cob=(2)
cfi=(50)
cfn=(676) 0x000000000487c370
calls=30 0 
* 4450
+1 330
186 2
cfi=(177)
cfn=(658)
calls=1 32 
* 131
+2 3
+9 5
+5 2
cfi=(177)
cfn=(658)
calls=1 32 
* 55
* 3
+84 60
+1 60

fl=(146)
fn=(488)
69 9
-28 2
+2 6
+1 2
cfn=(490) __new_exitfn
calls=1 +38 
* 32
+2 2
+10 1
+2 1
-5 3
+3 1
-1 1
+4 2
+1 1
-1 2
+12 6

fn=(490)
82 1
+6 2
-6 4
+11 4
-10 2
+12 4
-2 1
+10 1
-10 3
+45 1
+5 1
-4 1
+4 4
-18 1
-1 1
+1 1

fl=(161)
fn=(548)
313 1
fi=(160)
3162 3
fe=(161)
313 5
+5 1
fi=(160)
3162 2
cfi=(162)
cfn=(550)
calls=1 28 
* 9
* 2
fe=(161)
343 2
+4 3
fi=(160)
1966 4
+3 1
-3 1
+3 2
-3 2
+3 126
-3 126
+3 252
-3 252
fe=(161)
352 3
fi=(160)
1977 1
+1 1
+2 1
fe=(161)
352 1
cob=(2)
cfi=(50)
cfn=(426)
calls=1 0 
* 23
+1 4
cob=(2)
cfi=(50)
cfn=(426)
calls=1 0 
* 22
+1 4
cob=(2)
cfi=(50)
cfn=(426)
calls=1 0 
* 23
+1 4
cob=(2)
cfi=(50)
cfn=(426)
calls=1 0 
* 23
+1 4
cob=(2)
cfi=(50)
cfn=(426)
calls=1 0 
* 22
+1 4
cob=(2)
cfi=(50)
cfn=(426)
calls=1 0 
* 23
+1 4
cob=(2)
cfi=(50)
cfn=(426)
calls=1 0 
* 23
+2 4
cob=(2)
cfi=(50)
cfn=(426)
calls=1 0 
* 23
+1 4
cob=(2)
cfi=(50)
cfn=(426)
calls=1 0 
* 23
+1 4
cob=(2)
cfi=(50)
cfn=(426)
calls=1 0 
* 23
+3 4
cob=(2)
cfi=(50)
cfn=(426)
calls=1 0 
* 23
+1 4
cob=(2)
cfi=(50)
cfn=(426)
calls=1 0 
* 23
+1 2
+63 7

fl=(152) ./stdio-common/./stdio-common/isoc99_fscanf.c
fn=(520) __isoc99_fscanf
25 51736773
+4 4703343
+1 9406686
-1 23516715
+1 4703343
cfi=(153)
cfn=(522)
calls=4703343 278 
* 4574649262
+4 23516715

fl=(113) ./string/../sysdeps/x86_64/multiarch/strncpy.c
fn=(362) strncpy
29 1
fi=(97)
+7 2
+1 1
-1 2
+14 3
fe=(113)
-21 1

fl=(192) ./nptl/./nptl/pthread_mutex_unlock.c
fn=(726) pthread_mutex_unlock@@GLIBC_2.2.5
367 1
51 3
+1 2
367 1
57 2
+8 1
-3 1
-23 1
+1 2
+30 1
369 2
40 3
+1 2
+33 2
+6 4
+4 3
+3 3

fl=(96) ./string/../sysdeps/x86_64/multiarch/stpncpy.c
fn=(324) stpncpy
31 1
fi=(97)
+5 2
+1 1
-1 2
+14 3
fe=(96)
-19 1

fl=(112) ./string/../sysdeps/x86_64/multiarch/strlen.c
fn=(360) strlen
29 1
fi=(201)
+4 5
-1 2
fe=(112)
-3 1

fl=(95) ./wcsmbs/../sysdeps/x86_64/multiarch/wcscmp.c
fn=(322) wcscmp
30 1
fi=(202)
+3 5
-1 2
fe=(95)
-2 1

fl=(183) ./stdio-common/./stdio-common/fprintf.c
fn=(698) fprintf
27 10769
+4 979
+1 1958
-1 4895
+1 979
cfi=(184)
cfn=(700)
calls=979 1180 
* 668528
+4 4895

fl=(132)
fn=(420)
38 2
+1 7
+1 1

fl=(180)
fn=(664)
302 7
+3 2
cfi=(181)
cfn=(666)
calls=1 120 
* 6
+1 2
-27 1
cfi=(182)
cfn=(668)
calls=1 27 
* 6
* 1
+2 3
+5 2
+1 3
+2 1
+1 1
-3 2
+2 11
+1 11
-3 22
+20 7

fl=(142) ./string/../sysdeps/x86_64/multiarch/../strrchr.S
fn=(478) __strrchr_sse2
23 1
+1 1
+1 1
+1 1
+1 1
+1 1
+1 1
+1 1
+1 1
+1 1
+1 1
+1 1
+1 1
+1 1
+1 1
+1 1
+1 1
+1 1
+1 1
+1 1
+1 1
+1 1
+1 1
+1 1
+1 1

fl=(171) ./string/../sysdeps/x86_64/multiarch/memset-vec-unaligned-erms.S
fn=(598) __memset_sse2_unaligned
125 56199
+1 280995
+6 56199
+1 56199
+1 56199
+1 56199
283 56199
+1 56199
+5 56199
+3 56199
+1 56199
+3 56199
+1 56199
+13 56199
+1 56199
+2 56199
+3 56199
+3 112398
+3 56199
+1 56199
+1 56199
+1 56199
+1 56199
+1 56199
+1 56199
-6 1685970
+1 1685970
+1 1685970
+1 1685970
+1 1685970
+1 1685970
+1 1685970
+3 56199
+1 56199
+1 56199
+1 56199
+5 56199

fl=(81) ./string/../sysdeps/x86_64/multiarch/strnlen.c
fn=(290) strnlen
31 2
fi=(201)
+2 10
-1 4
fe=(81)
-1 2

fl=(101) ./string/../sysdeps/x86_64/multiarch/strcspn.c
fn=(334) strcspn
29 1
fi=(198)
+1 5
fe=(101)
-1 1

fl=(150)
fn=(514)
28 3
+2 2
-1 1
+5 3

fl=(83) ./string/../sysdeps/x86_64/multiarch/strcmp.c
fn=(294) strcmp
65 2
-24 4
+1 2
-1 4
+15 6
+9 2

fl=(169)
fn=(588)
97 4547204
+1 13641612
cfi=(170)
cfn=(590)
calls=4547204 225 
* 1082055701

ob=(5)
fl=(144)
fn=(496)
0 12

fn=(744) 0x0000000000001190
0 5

fn=(728) 0x0000000000001200
0 9
cob=(2)
cfi=(50)
cfn=(734) 0x00000000001090c0
calls=1 0 
0 74
0 1
cfn=(744)
calls=1 0 
0 5
0 3

fn=(484) (below main)
0 12
cob=(3)
cfi=(145)
cfn=(486)
calls=1 242 
0 6005539643

fl=(151)
fn=(636) rottama_auto
201 217203
+4 217203
cob=(2)
cfi=(50)
cfn=(518) 0x00000000001090e0
calls=31029 0 
* 55303970
* 31029
+3 93087
cfn=(592) hash_func
calls=31029 433 
* 651609
* 155145
+2 31029
+1 9132110
+1 59010
+1 7512442
+1 140200
+1 252360
+1 140200
+2 140200
+1 573
+1 1146
+1 195559
+1 12950
-2 141977
+5 1719
+3 4011
cob=(2)
cfi=(50)
cfn=(602) 0x0000000000109150
calls=573 0 
* 76782
* 192269
cob=(2)
cfi=(50)
cfn=(602)
calls=27467 0 
* 3695660
+1 28040
+2 1045166
-19 5343850
+22 10255
cob=(2)
cfi=(50)
cfn=(602)
calls=1465 0 
* 197255
+1 1465
+3 5390751
-28 3655892
+32 10668
cob=(2)
cfi=(50)
cfn=(602)
calls=1524 0 
* 205880
+1 155145

fn=(680) queue_add
471 2538452
+4 725272
cob=(2)
cfi=(50)
cfn=(594) 0x0000000000109140
calls=362636 0 
* 59591241
* 362636
+1 725272
+1 1087908
+2 1450544
+1 186
+1 186
+6 62
-3 1450296
+1 1087722
+2 1087908

fn=(626) demolisci_stazione
130 205786
+4 205786
cob=(2)
cfi=(50)
cfn=(518)
calls=29398 0 
* 29178896
* 29398
+3 88194
cfn=(592)
calls=29398 433 
* 617358
* 146990
+2 58796
+1 63
cob=(2)
cfi=(50)
cfn=(602)
calls=9 0 
* 1206
+1 9
+2 146945
+1 2163
cfn=(592)
calls=721 433 
* 15141
* 5047
+1 2163
cob=(2)
cfi=(50)
cfn=(628) 0x00000000001090d0
calls=721 0 
* 95961
+1 2163
+1 5047
cob=(2)
cfi=(50)
cfn=(602)
calls=721 0 
* 96614
+1 721
+5 57336
+1 86004
+2 28668
+1 8556980
+1 109136
+1 81852
cob=(2)
cfi=(50)
cfn=(628)
calls=27284 0 
* 3554084
+1 81852
+1 190988
cob=(2)
cfi=(50)
cfn=(602)
calls=27284 0 
* 3669225
+1 27284
+3 3368224
+1 5052336
-10 3425560
+13 9688
cob=(2)
cfi=(50)
cfn=(602)
calls=1384 0 
* 186865
+2 146990

fn=(682) queue_pop
489 1837902
+7 1225268
+1 1837902
+1 140
+1 140
cob=(2)
cfi=(50)
cfn=(628)
calls=35 0 
* 3227
+1 210
+1 70
+3 1225128
+1 918846
+1 1531410
+1 918846
cob=(2)
cfi=(50)
cfn=(628)
calls=306282 0 
* 30760089
+1 306282
+2 612634

fn=(708) free_queue
585 135
+6 27
+1 112638
+1 168957
+1 168957
cob=(2)
cfi=(50)
cfn=(628)
calls=56319 0 
* 6307724
-3 112692
+5 108

fn=(616) aggiungi_auto
173 2938397
+4 2938397
cob=(2)
cfi=(50)
cfn=(518)
calls=419771 0 
* 747520346
* 419771
+3 1259313
cfn=(592)
calls=419771 433 
* 8815191
* 2098855
+2 419771
+1 10496815
+1 2091375
+1 79485
+2 158970
+1 132475
+2 185465
cob=(2)
cfi=(50)
cfn=(602)
calls=26495 0 
* 3564531
-3 2350680
+1 1958900
+2 2742460
cob=(2)
cfi=(50)
cfn=(602)
calls=391780 0 
* 52711518
* 418275
+4 5043264
-12 4201718
+16 10472
cob=(2)
cfi=(50)
cfn=(602)
calls=1496 0 
* 201194
+1 2098855

fn=(648) pianifica_forwards
257 144
+3 80
cob=(2)
cfi=(50)
cfn=(594)
calls=16 0 
* 7765
* 16
+1 96
cfn=(650) fill_stations_array
calls=16 439 
* 5137352
* 16
+1 128
cob=(2)
cfi=(50)
cfn=(652) 0x00000000001090f0
calls=16 0 
* 84827529
+3 48
+2 64
cfn=(678) new_treenode
calls=16 512 
* 1184
* 16
+1 96
cfn=(680)
calls=16 471 
* 1328
+7 16
+1 16
+1 756810
cfn=(682)
calls=151362 489 
* 19034478
* 151362
+2 605448
cfn=(592)
calls=151362 433 
* 3178602
* 756810
+1 151362
+1 38226201
-1 77360574
+4 908172
+1 908172
cfn=(684) mod_bin_search_forwards
calls=151362 525 
* 71122515
* 151362
+2 605448
+2 75
cob=(2)
cfi=(50)
cfn=(594)
calls=15 0 
* 77721
* 15
+1 15
+2 105
+1 15
+2 30
+1 15
+1 4800
+1 600
+1 1800
-3 1230
+6 60
+1 1230
+1 180
cob=(2)
cfi=(50)
cfn=(696) 0x0000000000109130
calls=15 0 
* 10650
* 15
+3 7200
cob=(2)
cfi=(50)
cfn=(696)
calls=600 0 
* 425834
-5 1875
+9 45
cob=(2)
cfi=(50)
cfn=(628)
calls=15 0 
* 2200
+1 45
cob=(2)
cfi=(50)
cfn=(628)
calls=15 0 
* 2196
+1 45
cfn=(686) free_tree
calls=15 570 
* 39651090
+1 45
cfn=(708)
calls=15 585 
* 6033080
* 15
+4 454041
+1 94634
+3 283565
+1 340278
cob=(2)
cfi=(50)
cfn=(594)
calls=56713 0 
* 4937734
* 170139
+2 226852
+1 1606368
cfn=(678)
calls=200796 512 
* 34400356
* 200796
+1 602388
+2 2007960
+1 1204776
cfn=(680)
calls=200796 471 
* 39841604
-5 973323
+8 113426
-57 454089
+62 3
cob=(2)
cfi=(50)
cfn=(628)
calls=1 0 
* 134
+1 3
cfn=(686)
calls=1 570 
* 17678
+2 7
cob=(2)
cfi=(50)
cfn=(602)
calls=1 0 
* 134
+1 80

fn=(672)
461 12802685
+2 15363222
+1 5121074

fn=(690) pianifica_backwards
344 126
+3 70
cob=(2)
cfi=(50)
cfn=(594)
calls=14 0 
* 5268
* 14
+1 84
cfn=(650)
calls=14 +91 
* 4205521
* 14
+1 112
cob=(2)
cfi=(50)
cfn=(652)
calls=14 0 
* 68535300
+3 42
+2 56
cfn=(678)
calls=14 512 
* 910
* 14
+1 84
cfn=(680)
calls=14 471 
* 1036
+7 14
+1 14
+1 774775
cfn=(682)
calls=154955 489 
* 22143616
* 154955
+2 619820
cfn=(592)
calls=154955 +67 
* 3254055
* 774775
+1 154955
+1 37461801
-1 75853332
+4 2169370
+1 929730
cfn=(694) mod_bin_search_backwards
calls=154955 547 
* 72358573
* 154955
+2 619820
+2 60
cob=(2)
cfi=(50)
cfn=(594)
calls=12 0 
* 1141822
* 12
+1 12
+2 84
+1 12
+2 24
+1 12
+1 2816
+1 352
+1 1056
-3 728
+6 48
+1 728
+1 144
cob=(2)
cfi=(50)
cfn=(696)
calls=12 0 
* 8396
* 12
+3 4224
cob=(2)
cfi=(50)
cfn=(696)
calls=352 0 
* 250081
-5 1116
+9 36
cob=(2)
cfi=(50)
cfn=(628)
calls=12 0 
* 1703
+1 36
cob=(2)
cfi=(50)
cfn=(628)
calls=12 0 
* 1649
+1 36
cfn=(686)
calls=12 570 
* 35745450
+1 36
cfn=(708)
calls=12 585 
* 838158
* 12
+4 464829
+1 146508
+3 42175
+1 50610
cob=(2)
cfi=(50)
cfn=(594)
calls=8435 0 
* 5971942
* 25305
+2 25305
+1 1294480
cfn=(678)
calls=161810 +99 
* 26054015
* 161810
+1 485430
+2 1618100
+1 970860
cfn=(680)
calls=161810 +54 
* 30263717
-5 672545
+8 16870
-57 464871
+62 6
cob=(2)
cfi=(50)
cfn=(628)
calls=2 0 
* 268
+1 6
cfn=(686)
calls=2 570 
* 78866
+2 14
cob=(2)
cfi=(50)
cfn=(602)
calls=2 0 
* 268
+1 70

fn=(516)
59 7
+3 1
+1 3034840
cob=(2)
cfi=(50)
cfn=(582) 0x0000000000109120
calls=606968 -63 
* 16008582
* 1213936
+1 115308
cfn=(586) aggiungi_stazione
calls=57654 +17 
* 3665673783
* 57654
+2 2746570
cob=(2)
cfi=(50)
cfn=(582)
calls=549314 -66 
* 13918486
* 1098628
+1 58796
cfn=(626)
calls=29398 +63 
* 59537519
* 29398
+2 2599580
cob=(2)
cfi=(50)
cfn=(582)
calls=519916 -69 
* 12477984
* 1039832
+1 839542
cfn=(616)
calls=419771 173 
* 854856493
* 419771
+2 500725
cob=(2)
cfi=(50)
cfn=(582)
calls=100145 -72 
* 2403480
* 200290
+1 62058
cfn=(636)
calls=31029 201 
* 94443810
* 31029
+2 345580
cob=(2)
cfi=(50)
cfn=(582)
calls=69116 -75 
* 1659534
* 138232
+1 60
cfn=(646) pianifica_percorso
calls=30 245 
* 835081276
-14 4248783
cob=(2)
cfi=(50)
cfn=(518)
calls=606969 -62 
* 429481431
* 1213939
+17 5

fn=(586)
81 403578
+5 403578
cob=(2)
cfi=(50)
cfn=(518)
calls=57654 -86 
* 57232741
* 57654
+3 172962
cfn=(592)
calls=57654 433 
* 1210734
* 288270
+2 57654
+1 31549450
+1 10185
cob=(2)
cfi=(50)
cfn=(602)
calls=1455 -93 
* 195689
* 1455
+4 18925305
-6 12732178
+10 112398
cob=(2)
cfi=(50)
cfn=(594)
calls=56199 0 
* 33577682
* 56199
+2 168597
+1 112398
+1 112398
+1 337194
cob=(2)
cfi=(50)
cfn=(596) 0x0000000000109110
calls=56199 0 
* 13881153
+4 393393
cob=(2)
cfi=(50)
cfn=(518)
calls=56199 0 
* 36263693
* 56199
+2 112398
+1 24516051
cob=(2)
cfi=(50)
cfn=(518)
calls=3502293 0 
* 3346604856
* 3502293
+1 17511465
+1 689535
+3 1379070
+1 1149225
-7 919380
+6 19634688
+1 16362240
-7 13258389
+10 168597
cfn=(592)
calls=56199 433 
* 1180179
* 337194
+1 168597
cfn=(592)
calls=56199 433 
* 1180179
* 280995
+2 168597
+2 393393
cob=(2)
cfi=(50)
cfn=(602)
calls=56199 0 
* 7555455
+1 288270

fn=(686)
570 150
+3 120
+4 60
+1 234216
cfn=(687) free_tree'2
calls=26024 -8 
* 70055298
-1 130240
+3 120
cob=(2)
cfi=(50)
cfn=(628)
calls=30 0 
* 5069354
+1 90
cob=(2)
cfi=(50)
cfn=(628)
calls=30 0 
* 3346
+2 90

fn=(687)
570 1813030
+3 1450424
+1 892464
cob=(2)
cfi=(50)
cfn=(628)
calls=297488 0 
* 33315722
+9 297488
-6 130236
+1 3029238
cfn=(687)
calls=336582 -8 
* 1024559165
-1 1943382
+3 260472
cob=(2)
cfi=(50)
cfn=(628)
calls=65118 0 
* 18346692
+1 195354
cob=(2)
cfi=(50)
cfn=(628)
calls=65118 0 
* 7292978
+2 1087818

fn=(592)
433 3829152
+3 14359320
+1 1914576

fn=(646)
245 210
+2 210
cob=(2)
cfi=(50)
cfn=(518)
calls=30 0 
* 53590
* 30
+2 120
+1 96
cfn=(648)
calls=16 +7 
* 438045804
+5 16
-2 84
cfn=(690)
calls=14 +91 
* 396980936
+2 180

fn=(692)
466 10328635
+2 12394362
+1 4131454

fn=(694)
547 929730
+5 154955
+1 464865
+3 1239664
+2 17300192
+1 17300202
+1 20690365
+1 2064896
-4 9269848
+7 1239504
+1 1239504
+1 154938
+2 309910

fn=(678)
512 1813180
+3 725272
cob=(2)
cfi=(50)
cfn=(594)
calls=362636 0 
* 53203745
* 362636
+2 1087908
+1 725272
+1 725272
+1 725272
+2 362636
+1 725272

fn=(650)
439 180
+3 30
+1 30
+3 60
+1 22860
+1 3810
+1 3405748
+1 2916152
+1 364519
+1 364519
+2 1093557
-6 729038
+6 253902
-6 176888
-2 11490
+12 30
+1 60

fn=(684)
525 908172
+5 151362
+1 454086
+3 1210926
+2 17019864
+1 17019872
+1 20297584
+1 2069790
-4 9115304
+7 1210744
+1 1210744
+1 151343
+1 302724

ob=(1)
fl=(71) ./malloc/./malloc/scratch_buffer_set_array_size.c
fn=(236) __libc_scratch_buffer_set_array_size
30 20
+4 2
+1 4
+11 2
-1 4
+18 8

fl=(54) ./io/../sysdeps/unix/sysv/linux/open64_nocancel.c
fn=(176) __open_nocancel
28 12
+3 12
-3 36
+3 72
+8 84
+2 3
-2 27
+2 9

fl=(15) ./elf/../sysdeps/x86/dl-get-cpu-features.c
fn=(412) __x86_cpu_features
71 1
-32 3
+32 2

fn=(32) _dl_x86_init_cpu_features
37 1
+2 3
+2 1
cfi=(16) ./elf/../sysdeps/x86/cpu-features.c
cfn=(34) init_cpu_features.constprop.0
calls=1 399 
* 7143

fl=(76) ./elf/./elf/dl-reloc.c
fn=(268) _dl_relocate_object
194 8
+14 4
-14 36
+16 4
-16 8
+14 4
+2 8
+3 4
-1 4
+1 8
+19 8
+6 20
-34 6
+38 6
+7 12
fi=(6) ./elf/../sysdeps/x86_64/dl-machine.h
71 10
+6 4
+4 3
+14 1
-8 1
+8 2
+20 2
+4 5
-2 2
fe=(76)
288 160
-83 1
fi=(6)
474 4
fe=(76)
205 2
+83 2
fi=(5) ./elf/./elf/do-rel.h
49 1
fe=(76)
288 1
fi=(5)
60 1
-11 2
+11 2
fe=(76)
288 3
-83 3
fi=(6)
474 12
fe=(76)
205 6
+83 6
fi=(5)
49 3
fe=(76)
288 3
fi=(5)
60 3
-11 6
+11 6
fe=(76)
288 8
fi=(5)
49 4
fe=(76)
288 4
fi=(5)
60 4
-11 8
+11 8
-7 1
-1 1
+11 8
fi=(6)
545 28
+4 28
+3 42
+1 14
fi=(5)
63 42
+2 216
+2 120
-4 120
+13 6
+1 8
+1 80
fi=(6)
545 40
+34 80
+2 40
cob=(3)
cfi=(121)
cfn=(384)
calls=1 31 
* 9
cob=(3)
cfi=(120)
cfn=(382)
calls=1 31 
* 7
cob=(3)
cfi=(119)
cfn=(378)
calls=1 33 
* 20
cob=(3)
cfi=(118)
cfn=(376)
calls=1 29 
* 7
cob=(3)
cfi=(117)
cfn=(374)
calls=1 29 
* 9
cob=(3)
cfi=(116)
cfn=(370)
calls=1 33 
* 10
cob=(3)
cfi=(114)
cfn=(366)
calls=1 29 
* 10
cob=(3)
cfi=(113)
cfn=(362)
calls=1 29 
* 10
cob=(3)
cfi=(112)
cfn=(360)
calls=1 29 
* 9
cob=(3)
cfi=(111)
cfn=(358)
calls=1 31 
* 7
cob=(3)
cfi=(110)
cfn=(354)
calls=1 29 
* 10
cob=(3)
cfi=(109)
cfn=(352)
calls=1 31 
* 9
cob=(3)
cfi=(108)
cfn=(350)
calls=1 29 
* 9
cob=(3)
cfi=(107)
cfn=(348)
calls=2 31 
* 14
cob=(3)
cfi=(105)
cfn=(344)
calls=1 29 
* 10
cob=(3)
cfi=(104)
cfn=(342)
calls=1 31 
* 7
cob=(3)
cfi=(103)
cfn=(338)
calls=1 29 
* 10
cob=(3)
cfi=(102)
cfn=(336)
calls=1 43 
* 7
cob=(3)
cfi=(101)
cfn=(334)
calls=1 29 
* 7
cob=(3)
cfi=(100)
cfn=(332)
calls=1 31 
* 7
cob=(3)
cfi=(99)
cfn=(330)
calls=1 66 
* 12
cob=(3)
cfi=(98)
cfn=(328)
calls=2 31 
* 18
cob=(3)
cfi=(96)
cfn=(324)
calls=1 31 
* 10
cob=(3)
cfi=(95)
cfn=(322)
calls=1 30 
* 9
cob=(3)
cfi=(94)
cfn=(318)
calls=2 29 
* 40
cob=(3)
cfi=(93)
cfn=(316)
calls=1 28 
* 9
cob=(3)
cfi=(92)
cfn=(314)
calls=1 61 
* 13
cob=(3)
cfi=(91)
cfn=(312)
calls=2 31 
* 18
cob=(3)
cfi=(89)
cfn=(308)
calls=1 29 
* 20
cob=(3)
cfi=(88)
cfn=(304)
calls=1 29 
* 12
cob=(3)
cfi=(86)
cfn=(300)
calls=1 29 
* 18
cob=(3)
cfi=(84)
cfn=(296)
calls=1 29 
* 12
cob=(3)
cfi=(83)
cfn=(294)
calls=1 65 
* 10
cob=(3)
cfi=(82)
cfn=(292)
calls=1 29 
* 7
cob=(3)
cfi=(81)
cfn=(290)
calls=2 31 
* 18
-36 40
+37 40
fi=(5)
77 121
fe=(76)
288 32
+3 24
+24 4
+3 8
+17 12
+2 32
-98 8
+3 2
+7 4
-9 2
fi=(5)
86 14
+2 14
+12 7
-14 28
+14 14
+10 10
+3 13
+1 3
fi=(6)
529 3
fi=(5)
114 3
fi=(6)
529 6
fi=(5)
114 1198
fi=(6)
529 1198
fi=(5)
114 1198
fi=(6)
529 2396
+5 2402
+1 1201
fi=(5)
113 1201
fi=(6)
535 1201
-5 1201
fi=(5)
113 2402
+7 28
+4 20
+2 10
-73 3
fi=(6)
484 3
fi=(5)
52 3
fi=(6)
484 6
fi=(5)
128 6
+1 3
+1 3
-2 3
+2 3
+3 3
-5 3
+2 3
-2 3
+1 6
+2 3
-2 3
+2 9
+2 6
-5 214
+1 107
+1 107
-2 107
+2 107
+3 107
-5 107
+2 107
-2 107
+1 214
+2 107
-2 107
+2 321
+2 214
+9 108
fi=(6)
262 216
+21 216
+4 216
+7 432
fi=(4) ./elf/../sysdeps/generic/ldsodefs.h
138 276
fi=(6)
294 3533
cfi=(77) ./elf/./elf/dl-lookup.c
cfn=(276) _dl_lookup_symbol_x
calls=89 840 
* 50468
* 801
+2 276
+30 644
450 267
fi=(5)
145 301
-19 330
+32 15
+1 6
fi=(6)
294 2
+22 2
-22 4
fi=(5)
160 6
+3 2
+4 2
-4 2
+4 4
-2 2
-2 2
+2 2
+1 2
-1 4
fi=(6)
294 8
508 2
-1 4
+1 4
+1 2
cfi=(15)
cfn=(412)
calls=1 71 
* 6
cob=(3)
cfi=(79)
cfn=(286)
calls=1 86 
* 28
+1 2
fi=(5)
159 2
fi=(6)
510 2
fi=(5)
159 8
-14 6
+1 39
fi=(6)
490 6
+5 4
-1 6
+1 4
-1 2
cfi=(29) ./string/../sysdeps/x86_64/multiarch/memmove-vec-unaligned-erms.S
cfn=(80) memcpy
calls=2 212 
* 22
+2 8
+1 2
-75 51
+4 68
+5 17
+9 17
-9 34
+9 17
fi=(5)
145 66
fi=(6)
296 153
+3 105
-3 105
+3 210
+2 10
+3 4
+1 6
+11 4
+7 2
cob=(3)
cfi=(83)
cfn=(294)
calls=1 65 
* 10
cob=(3)
cfi=(86)
cfn=(300)
calls=1 29 
* 18
* 6
+3 4
fi=(5)
135 10
+3 2
fi=(6)
296 89
+3 89
-3 194
+3 4
fi=(5)
50 8
fe=(76)
308 14
fi=(6)
-14 29
fe=(76)
+49 20
+3 4
-3 4
+3 4
+4 8
+1 16
cfi=(122) ./misc/../sysdeps/unix/syscall-template.S
cfn=(386) mprotect
calls=4 117 
* 24
* 8
-63 6
fi=(5)
53 2
175 7
+2 2
+1 2
-1 1
+3 1
-3 4
+3 2
-3 10
+1 10
-1 5
+3 5
-3 20
+3 10
+8 6
fi=(6)
+74 12
+21 12
+4 12
+7 24
fi=(4)
138 18
fi=(6)
294 204
cfi=(77)
cfn=(276)
calls=6 840 
* 3259
* 54
+2 18
+30 36
450 12
fi=(5)
191 18
-16 18
+30 4
fi=(6)
+91 2
+3 2
-3 2
+3 4
-3 2
+3 2
-3 4
fe=(76)

fl=(8) ./elf/./elf/dl-setup_hash.c
fn=(14) _dl_setup_hash
25 4
+3 4
-3 4
+3 8
+3 12
+1 8
+2 4
-1 4
+3 12
+1 4
+4 4
-3 4
+7 4
-4 4
-3 4
+2 8
+5 4
-5 4
-2 4
+7 4
-5 4
+10 4

fl=(23) ./elf/../misc/sbrk.c
fn=(62) sbrk
37 5
+3 1
+18 2
+4 2
+16 5

fl=(27) ./elf/./elf/dl-minimal-malloc.c
fn=(142) __minimal_free
95 3
+2 12

fn=(72) __minimal_calloc
78 8
+4 8
-4 32
+7 8
+1 24
fi=(28) ./elf/../include/rtld-malloc.h
-30 8
cfi=(27)
cfn=(76) __minimal_malloc
calls=8 -21 
* 235
fe=(27)

fn=(76)
35 120
+1 24
+11 24
-11 48
+11 48
+3 24
-3 24
+3 136
+18 24
+1 24
+2 96
-16 8
+1 4
+2 2
+1 14
cfi=(59) ./misc/../sysdeps/unix/sysv/linux/mmap64.c
cfn=(192) mmap
calls=2 -12 
* 18
* 2
+2 4
+2 4
+2 2
+4 2
-4 4
-23 1
-1 1
+1 1
+1 2
-2 2

fl=(48) ./elf/./elf/dl-audit.c
fn=(506) _dl_audit_preinit
117 1
+1 4

fn=(204) _dl_audit_objopen
76 2
+1 8

fn=(152) _dl_audit_activity_map
28 6
+2 1
-1 1
+1 2
+6 6

fn=(752) _dl_audit_objclose
96 4
+1 16

fn=(442) _dl_audit_activity_nsid
40 6
+4 3
-4 3
+4 3
-4 3
+4 3
-4 6
+4 3
+1 3
+1 12
+4 18

fl=(9) ./elf/../elf/dl-sysdep.c
fn=(440) _dl_sysdep_start_cleanup
262 1
+1 1

fn=(16) _dl_sysdep_start
85 4
+25 1
-25 6
+25 1
-1 1
+1 180
+11 1
-8 1
+1 1
-4 1
+3 1
+6 1
+2 13
-34 1
-1 1
+36 113
+3 1
+1 1
-5 85
+57 1
-57 1
+58 1
-1 1
-57 3
+29 1
-29 1
+30 1
-1 1
-29 3
+41 1
-41 1
+42 1
-1 1
-41 3
+35 1
-35 1
+36 1
-1 1
-35 3
+32 1
-32 1
+33 1
-1 1
-32 4
+13 1
-13 1
+14 1
-1 1
-13 3
+10 1
-10 1
+11 1
-1 1
-10 3
+7 1
-7 4
224 1
cfi=(10) ./elf/./elf/dl-tunables.c
cfn=(18) __GI___tunables_init
calls=1 +55 
* 28970
+3 1
cfi=(12) ./elf/./elf/dl-sort-maps.c
cfn=(22) _dl_sort_maps_init
calls=1 +52 
* 32
fi=(13) ./elf/../sysdeps/unix/sysv/linux/dl-sysdep.c
36 2
cfi=(14) ./elf/../sysdeps/unix/sysv/linux/brk.c
cfn=(28) brk
calls=1 -1 
* 8
fi=(6)
215 1
cfi=(15)
cfn=(32)
calls=1 37 
* 7148
fe=(9)
+23 3
+1 1
cfi=(22) ./string/../sysdeps/x86_64/multiarch/strlen-vec.S
cfn=(60) strlen
calls=1 41 
* 33
* 1
+2 2
cfi=(23)
cfn=(62)
calls=1 37 
* 15
* 3
+12 3
+3 5
cfi=(2) ./elf/./elf/rtld.c
cfn=(64) dl_main
calls=1 1320 
* 110024
+2 9

fl=(26) ./elf/./elf/dl-object.c
fn=(82) _dl_add_to_namespace_list
31 6
+2 3
-2 6
+2 3
-2 6
+2 3
cfi=(24) ./elf/../sysdeps/nptl/dl-tls_init_tp.c
cfn=(84) rtld_mutex_dummy
calls=3 +9 
* 9
+2 23
+3 20
+2 2
+2 2
+4 2
+4 2
-4 4
+1 2
+4 2
-4 2
+1 2
+3 2
-3 2
+3 2
-1 2
cfi=(24)
cfn=(84)
calls=2 -8 
* 6
-4 1
+4 1
-4 2
+1 1
+4 1
-4 1
+1 1
+3 1
-3 1
+3 1
-1 1
cfi=(24)
cfn=(84)
calls=1 -8 
* 3
-5 2

fn=(70) _dl_new_object
59 42
+3 6
+18 2
+3 2
-3 2
+3 2
cfi=(22)
cfn=(60)
calls=2 -42 
* 52
+4 4
-4 4
+9 4
fi=(28)
-48 6
cfi=(27)
cfn=(72)
calls=2 +34 
* 100
fe=(26)
+48 1
fi=(28)
-48 3
cfi=(27)
cfn=(72)
calls=1 +34 
* 43
* 3
fe=(26)
+51 6
+5 3
-2 3
+6 3
-4 3
+4 3
-5 3
+4 3
+1 3
-1 3
+1 6
cfi=(29)
cfn=(80)
calls=3 212 
* 44
* 6
+2 3
+13 6
+6 1
+2 7
+3 2
-3 14
+3 4
+9 3
-7 3
+4 3
+3 15
+2 1
-2 3
+2 15
-2 45
+16 6
-5 3
+5 3
-6 3
+6 3
-6 3
+6 6
+2 4
+3 4
-3 4
+7 8
+4 4
+8 2
+3 2
+10 3
-10 4
+10 6
+2 2
+21 2
-21 2
cfi=(22)
cfn=(60)
calls=2 41 
* 70
* 6
+17 2
-13 6
+50 6
cfi=(29)
cfn=(126) mempcpy
calls=2 -46 
* 34
* 2
+5 4
+1 4
-1 80
+1 80
+2 4
+3 2
+3 2
+4 27
131 8
-12 4
+34 1
+7 4
+8 8
fi=(28)
56 4
cfi=(27)
cfn=(76)
calls=2 -21 
* 50
* 2
fe=(26)
200 8
64 2
+2 3
+1 2
+10 5
-6 2

fl=(29)
fn=(80)
212 18
+1 18
+6 18
+1 18
+2 10
+1 10
+1 10
+2 7
+1 7
+1 7
+2 7
360 8
+1 8
+2 1
+4 1
+1 1
+1 1
+1 1
+1 1
+4 1
+2 1
+39 7
+1 7
+1 7
+1 7
+1 7
+7 3
+1 3
+1 3
+1 3
+1 3
+1 3
+1 3
+11 3
+1 3
+2 3
+1 3
+1 3

fn=(126)
199 29
+1 29
+1 29
+1 29
+17 29
+1 29
+2 5
+1 5
+1 5
+2 4
+1 4
+1 4
+2 4
360 24
+1 24
+2 9
+4 9
+1 3
+1 3
+1 2
+1 2
+1 2
+1 2
+2 2
+2 3
+6 6
+1 6
+1 6
+1 6
+1 6
+29 15
+1 15
+1 15
+1 15
+1 15
+7 1
+1 1
+1 1
+1 1
+1 1
+1 1
+1 1
+11 1
+1 1
+2 1
+1 1
+1 1

fl=(44) ./string/./string/strdup.c
fn=(138) strdup
40 15
+1 3
cfi=(22)
cfn=(60)
calls=3 * 
* 85
* 3
fi=(207) ./string/../include/rtld-malloc.h
+15 6
cfi=(27)
cfn=(76)
calls=3 -21 
* 75
fe=(44)
-12 6
+4 3
-1 9
+1 6
-1 3
cfi=(29)
cfn=(80)
calls=3 212 
* 41

fl=(122)
fn=(446) munmap
117 5
+5 1

fn=(386)
117 20
+5 4

fl=(52) ./setjmp/../sysdeps/x86_64/setjmp.S
fn=(166) __sigsetjmp
30 3
+2 3
+9 3
+1 6
+1 3
+4 3
+1 3
+1 3
+1 3
+1 3
+2 6
+2 3
+1 3
+1 3
+2 6
+2 3
+8 3
+3 3
+1 3
+7 3
+1 3

fl=(66) ./io/../sysdeps/unix/sysv/linux/stat64.c
fn=(218) stat
28 18
+1 36
cfi=(58) ./io/../sysdeps/unix/sysv/linux/fstatat64.c
cfn=(190) fstatat
calls=9 153 
* 88

fl=(70) ./io/../sysdeps/unix/sysv/linux/pread64_nocancel.c
fn=(230) __pread64_nocancel
25 8
+1 16
+1 4

fl=(36) ./posix/../sysdeps/unix/syscall-template.S
fn=(102) uname
120 5
+2 1

fl=(136) ./elf/./elf/dl-runtime.c
fn=(434) _dl_fixup
46 16
+2 10
+1 2
+6 2
fi=(208) ./elf/../sysdeps/x86_64/dl-runtime.h
-27 2
fe=(136)
+21 2
+5 2
+1 2
-6 2
+6 4
+1 2
+2 2
-2 2
+2 2
-2 10
+7 4
+4 4
+4 6
+4 6
+1 8
-7 8
+16 2
-1 2
+1 4
+10 20
cfi=(77)
cfn=(276)
calls=2 840 
* 1363
* 2
+4 10
+10 20
+15 8
+9 6
+26 6
fi=(6)
+70 2
fe=(136)
-66 12

fl=(53) ./elf/./elf/dl-misc.c
fn=(222) _dl_sysdep_read_whole_file
36 2
+3 1
-3 6
+3 1
-3 1
+3 1
cfi=(54)
cfn=(176)
calls=1 -11 
* 19
+1 2
+23 7
-21 4
cfi=(57) ./io/../sysdeps/unix/sysv/linux/fstat64.c
cfn=(188) fstat
calls=1 -13 
* 15
* 2
+2 2
+3 2
+13 2
cfi=(63) ./io/../sysdeps/unix/sysv/linux/close_nocancel.c
cfn=(202) __GI___close_nocancel
calls=1 -35 
* 6
* 1
-11 6
cfi=(59)
cfn=(192)
calls=1 -2 
* 9
* 2

fn=(172) _dl_name_match_p
68 84
+1 28
cfi=(32) ./string/../sysdeps/x86_64/strcmp.S
cfn=(90) strcmp
calls=14 +39 
* 635
* 28
+3 14
+2 28
+6 15
-6 30
+1 54
cfi=(32)
cfn=(90)
calls=18 +33 
* 871
* 36
+8 3
-13 3
+13 20
-1 11
+1 33

fl=(67) ./elf/./elf/dl-cache.c
fn=(444) _dl_unload_cache
537 1
+1 4
-1 1
+3 2
cfi=(122)
cfn=(446)
calls=1 117 
* 6
+1 1
+4 1
+2 2

fn=(228) _dl_cache_libcmp
370 11
+1 11
+32 11
-33 22
+1 26
+2 59
+2 59
-2 118
+20 114
+2 114
-12 48
+2 48
+14 48
+1 48
-29 96
+32 6
-28 4
+8 2
-2 4
+1 4
-1 2
+2 6
+2 2
-3 2
+3 6
+2 4
+9 27

fn=(220) _dl_load_cache_lookup
416 10
+2 2
+3 3
+74 1
208 1
495 2
+3 3
fi=(69) ./elf/../sysdeps/x86/dl-procinfo.h
39 2
+3 3
cfi=(32)
cfn=(90)
calls=1 +66 
* 45
* 7
cfi=(32)
cfn=(90)
calls=1 +66 
* 36
* 5
fe=(67)
212 6
cfi=(10)
cfn=(24) __tunable_get_val
calls=1 402 
* 21
* 1
+16 2
-16 1
+6 2
+10 1
-7 5
+9 3
+1 1
-37 2
+37 1
+4 2
-5 24
+1 8
-37 16
+37 8
+4 16
+4 27
cfn=(228)
calls=9 370 
* 682
+1 18
359 8
+3 2
228 2
360 7
228 17
+2 5
+20 4
+3 4
+2 8
cfn=(228)
calls=2 370 
* 220
* 4
+2 1
-9 4
-30 2
+1 1
+95 1
-95 1
-1 8
+96 3
-47 2
+10 2
+1 3
fi=(68) ./elf/../sysdeps/generic/dl-cache.h
125 5
fe=(67)
294 2
+9 2
+3 2
+2 3
+1 2
+5 2
+1 4
+7 2
+21 4
513 2
+12 2
cfi=(22)
cfn=(60)
calls=1 41 
* 35
* 12
+1 1
-1 1
+1 1
-1 1
+1 1
cfi=(29)
cfn=(80)
calls=1 212 
* 11
* 1
+1 1
cfi=(44)
cfn=(138)
calls=1 40 
* 87
+1 8
-3 2
424 4
cfi=(53)
cfn=(222)
calls=1 36 
* 91
* 1
+8 5
+1 8
+3 4
+1 1
-1 3
fi=(68)
194 1
+1 5
fe=(67)
444 1
+1 2

fl=(32)
fn=(90)
108 176
+33 176
+1 176
+2 176
+1 176
+21 176
+1 176
+1 152
+1 152
+1 119
+1 119
+1 119
+1 119
+21 119
+1 119
+1 119
+1 119
+1 119
+1 119
+1 119
+5 5
+1 15
+9 5
+1 5
+1 5
+1 5
+1 5
+1 5
+1 5
+1 5
-7 57
+1 57
+1 57
+1 57
+1 57
+1 57
+1 57
+1 57
+1 56
+1 28
+1 28
+1 28
+2 28
+1 28
+1 28
+1 28
+1 28
+1 28
-5 28
+1 28
+1 28
+1 28
+1 28
+1 28
+10 6
+1 6
+1 6
+2 6
+6 6
+1 6
+1 6
+1 6
+1 6
+5 6
+2 3
+1 3
+1 6
+8 3
+1 3
+3 3
+1 3
+1 3
+1 3
+1 3
+1 3
943 1
+1 1
+1 1
+1 1
+1 1
+2 1
+1 1
+1 1
+1 1
+1 1
+1 1
+1 1
+1 1
+4 1
+1 1
+1 1
+6 1
+1 1
+1 2
+4 1
+1 1
+3 1
+1 1
+1 1
+3 1
+1 1
+1 1
+6 1
+1 1
+1 1
+1 1
+1 1
+1 1
+72 5
+1 5
+1 5
+1 5
+1 5
+2 5
+1 5
+1 5
+1 5
+1 5
+1 5
+1 5
+1 1
+4 1
+1 1
+1 1
+6 1
+1 1
+1 2
+4 1
+1 1
+3 1
+1 1
+1 1
+3 1
+1 1
+1 1
+6 1
+1 1
+1 1
+1 1
+1 1
+1 1
+7 1
+1 1
+2 1
+1 1
+2 1
+1 1
+1 1
+3 1
+1 1
+1 1
+6 1
+1 1
+1 1
+1 1
+1 1
+1 1
+41 3
+1 3
+1 3
+1 3
+1 3
+2 3
+1 3
+1 3
+1 3
+1 3
+1 3
+1 3
+1 1
+4 1
+1 1
+1 1
+6 1
+1 1
+1 2
+4 1
+1 1
+3 1
+1 1
+1 1
+3 1
+1 1
+1 1
+6 1
+1 1
+1 1
+1 1
+1 1
+1 1
+72 6
+1 6
+1 6
+1 6
+1 6
+2 6
+1 6
+1 6
+1 6
+1 6
+1 6
+1 6
+1 2
+4 2
+1 2
+1 2
+6 2
+1 2
+1 4
+4 2
+1 2
+3 2
+1 2
+1 2
+3 2
+1 2
+1 2
+6 2
+1 2
+1 2
+1 2
+1 2
+1 2
1568 1
+1 1
+1 1
+1 1
+1 1
+2 1
+1 1
+1 1
+1 1
+1 1
+1 1
+1 1
+1 1
+4 1
+1 1
+1 1
+6 1
+1 1
+1 2
+4 1
+1 1
+3 1
+1 1
+1 1
+3 1
+1 1
+1 1
+6 1
+1 1
+1 1
+1 1
+1 1
+1 1
+72 4
+1 4
+1 4
+1 4
+1 4
+2 4
+1 4
+1 4
+1 4
+1 4
+1 4
+1 4
+1 3
+4 3
+1 3
+1 3
+6 3
+1 3
+1 6
+4 3
+1 3
+3 3
+1 3
+1 3
+3 3
+1 3
+1 3
+6 3
+1 3
+1 3
+1 3
+1 3
+1 3
+72 3
+1 3
+1 3
+1 3
+1 3
+2 3
+1 3
+1 3
+1 3
+1 3
+1 3
+1 3
+1 1
+4 1
+1 1
+1 1
+6 1
+1 1
+1 2
+4 1
+1 1
+3 1
+1 1
+1 1
+3 1
+1 1
+1 1
+6 1
+1 1
+1 1
+1 1
+1 1
+1 1
+72 2
+1 2
+1 2
+1 2
+1 2
+2 2
+1 2
+1 2
+1 2
+1 2
+1 2
+1 2
+1 1
+4 1
+1 1
+1 1
+6 1
+1 1
+1 2
+4 1
+1 1
+3 1
+1 1
+1 1
+3 1
+1 1
+1 1
+6 1
+1 1
+1 1
+1 1
+1 1
+1 1
+72 31
+1 31
+1 31
+1 31
+1 31
+2 31
+1 31
+1 31
+1 31
+1 31
+1 31
+1 31
+2 11
+4 11
+1 11
+1 11
+6 11
+1 11
+2 22
+4 11
+1 11
+3 11
+1 11
+1 11
+3 11
+1 11
+1 11
+6 11
+1 11
+1 11
+1 11
+1 11
+1 11
+74 25
+2 25
+1 25
+1 25
+1 25
-3 37
+1 37
+1 37
+1 37
+1 56
+5 28
+6 28
+1 28
+8 28
+1 28
-16 148
+6 148
+1 148
+8 148
+1 148

fl=(123) ./elf/./elf/dl-find_object.c
fn=(392) _dl_find_object_init
561 4
+3 1
+2 2
+13 1
cfn=(396) _dlfo_process_initial
calls=1 474 
* 79
+1 1
-1 1
+1 1
fi=(28)
56 1
cfi=(27)
cfn=(76)
calls=1 -21 
* 25
fe=(123)
580 1
fi=(28)
56 1
fe=(123)
582 2
+3 2
+5 1
+1 1
cfn=(396)
calls=1 474 
* 280
+3 3
+10 4
-37 2
cfi=(124) ./elf/./dl-find_object.h
cfn=(394) _dl_find_object_from_map
calls=1 95 
* 68
* 1
+29 2
cfn=(398) _dlfo_sort_mappings
calls=1 -60 
* 80
+3 6
+2 1

fn=(396)
474 2
+3 2
-3 2
+1 2
+3 4
+26 14
+1 6
+1 8
-1 16
+3 28
+3 24
-7 10
+25 2
+2 8
-18 18
+3 6
-1 6
cfi=(124)
cfn=(394)
calls=3 95 
* 189
+2 12

fn=(398)
536 1
+1 2
+3 4
+4 1
+1 1
-1 1
+1 2
-1 1
+1 1
-1 1
+1 6
+1 19
-1 9
+8 6
+1 4
-1 2
-13 4
+14 6
+1 4
-15 4
+17 1

fl=(75) ./elf/../sysdeps/x86/dl-cet.c
fn=(266) _dl_cet_check
252 8
42 1
+9 1
-10 1
+4 1
-4 1
+3 1
+4 2
+1 2
-1 2
+14 2
254 8

fl=(13)
fn=(100) _dl_discover_osversion
46 5
+2 3
+85 5
-45 2
cfi=(36)
cfn=(102)
calls=1 +32 
* 6
+15 1
-15 2
+20 1
-1 1
+3 12
+4 3
-2 6
+2 10
+3 1
-1 1
+1 3
-3 4
+7 3
-1 3
+4 3
-2 3
+2 10
+5 2

fl=(42) ./string/../sysdeps/x86_64/multiarch/../strchr.S
fn=(118) index
23 15
+1 15
+1 15
+1 15
+1 15
+1 15
+1 15
+1 15
+1 15
+1 15
+1 15
+1 15
+1 15
+1 15
+1 15
+1 15
+1 15
+1 15
+1 13
+4 13
+1 13
+1 13
+1 13
+2 13
+4 2
+1 2
+1 2
+1 2
+1 2
+1 2
+1 2
+1 2
+1 2
+1 2
+1 2
+1 2
+1 2
+1 2
+1 2
+1 2
+1 2
+1 2
+1 2
+1 2
+1 2
+1 2
+1 2
+1 2
+52 2
+4 2
+1 2
+1 2
+1 2
+2 2

fl=(77)
fn=(278) do_lookup_x
363 808
+1 101
-1 505
+48 101
-30 202
-11 101
+41 101
-30 303
+30 101
fi=(78) ./elf/../sysdeps/generic/dl-protected.h
44 303
fe=(77)
381 101
fi=(78)
44 404
fe=(77)
395 942
+4 314
+4 314
-3 314
+3 1256
+1 942
+3 314
+1 628
+7 314
-3 628
-2 314
+5 1256
+3 2198
570 666
374 632
+3 632
+4 644
+4 628
+4 628
+88 188
fi=(4)
137 188
+1 282
fe=(77)
528 188
fi=(78)
29 188
fe=(77)
535 732
+16 188
+1 94
+1 188
422 400
-1 200
+2 200
+2 1200
+13 417
-10 1165
+3 96
-1 192
+1 96
-1 96
+2 192
-1 1152
cfn=(280) check_match
calls=96 70 
* 9404
+4 288
+3 4
573 7
+1 808
-35 15
-70 12
171 42
452 752

fn=(276)
840 1010
+10 101
-10 202
+10 101
-10 101
+10 101
204 101
840 101
204 505
581 404
-1 202
+2 101
-1 101
+1 303
-1 303
+1 1287
-1 1287
+1 3861
-1 3861
+2 101
846 101
-4 101
+1 101
+7 101
-8 101
+1 101
+7 377
+3 101
+2 202
-2 101
+6 202
-7 606
+7 35
+1 1414
cfn=(278)
calls=101 363 
* 35669
* 303
+28 101
-23 101
+23 101
-23 202
+24 548
+7 94
-7 94
+40 376
+79 188
-65 282
+3 282
-62 101
+69 909
-86 42
+18 21
+59 2

fn=(280)
70 96
+3 96
-3 1152
+3 380
+13 94
-13 94
+13 94
-13 94
+13 282
+3 320
cfi=(32)
cfn=(90)
calls=33 +19 
* 1692
* 66
+4 94
+1 188
+2 184
+19 184
+1 736
-38 94
+84 564
-18 4
+2 4
+1 2
-1 4
+1 6
-1 4
+16 12
-45 276
cfi=(32)
cfn=(90)
calls=92 -9 
* 2392
* 184
-44 8
+82 4

fl=(31) ./elf/./elf/dl-load.c
fn=(88) _dl_process_pt_gnu_property
868 3
+8 3
-8 3
+8 3
-6 3
+12 6
-13 3
+13 3
-13 3
+13 6
+3 9
+1 6
+1 6
+43 3

fn=(136) expand_dynamic_string_token
385 14
241 2
385 2
241 2
385 2
241 2
cfi=(42)
cfn=(118)
calls=2 23 
* 72
+3 4
410 2
-11 2
+11 12
-11 2
cfi=(44)
cfn=(138)
calls=2 40 
* 168

fn=(170) _dl_map_object
2022 30
+8 6
+1 12
+3 42
+5 49
+2 21
cfi=(53)
cfn=(172)
calls=7 68 
* 935
* 14
+4 12
+1 18
+4 2
-1 10
+1 2
+1 2
-1 2
+1 2
cfi=(32)
cfn=(90)
calls=2 108 
* 86
* 4
2329 27
2068 2
+1 2
-1 2
+1 2
-1 2
+1 2
-1 4
-44 2
+53 6
+17 4
-2 2
+2 2
cfi=(42)
cfn=(118)
calls=2 23 
* 48
* 4
2260 2
-1 3
cfn=(136)
calls=1 385 
* 168
+2 1
-3 1
+1 1
+2 2
+4 5
cfn=(174) open_verify.constprop.1
calls=1 1568 
* 283
+3 2
-3 1
+3 1
+12 4
+46 1
+1 3
-1 1
+1 9
cfn=(182) _dl_map_object_from_fd
calls=1 944 
* 1819
-1 1
+1 3
-1 1
+1 9
cfn=(182)
calls=1 944 
* 2200
* 6
2098 2
cfi=(22)
cfn=(60)
calls=1 41 
* 17
* 2
+2 2
+7 4
+51 11
cfn=(214) open_path
calls=1 1870 
* 1504
+6 1
-6 1
+6 4
682 1
2165 1
682 2
2252 2
+28 4
+2 4
2111 1
696 3
2111 1
+1 1
696 2
2116 3
682 1
2117 1
682 2
2173 1
+14 2
+2 3
+4 2
cfi=(67)
cfn=(220)
calls=1 416 
* 1596
* 1
+2 2
+4 2
+8 3
+23 6
cfn=(216) open_verify.constprop.0
calls=1 1568 
* 396
+4 2
-4 1
+4 1
+1 2
2131 5
+1 10
682 1
2133 1
682 2
2157 3
+1 2
-16 2

fn=(132) fillin_rpath.isra.0
468 7
+4 1
-4 8
+6 3
cfi=(7) ./elf/./elf/dl-minimal.c
cfn=(134) strsep
calls=1 239 
* 240
* 3
cfi=(7)
cfn=(134)
calls=1 239 
* 8
* 6
+7 2
+2 3
cfn=(136)
calls=1 -98 
* 118
* 1
+4 2
+5 2
cfi=(22)
cfn=(60)
calls=1 41 
* 17
* 1
+1 2
+7 5
+9 15
+1 8
+55 2
fi=(28)
50 2
cfi=(27)
cfn=(142)
calls=1 +45 
* 5
+1 1
fe=(31)
528 2
+4 3
fi=(28)
56 1
cfi=(27)
cfn=(76)
calls=1 -21 
* 25
* 1
fe=(31)
534 2
+5 1
+1 2
-1 1
-1 1
+2 1
cfi=(29)
cfn=(126)
calls=1 199 
* 13
+3 1
-3 1
+1 1
+2 1
+6 1
+1 1
-1 3
+1 11
+1 1
-1 1
+1 2
-1 2
+1 1
-1 1
+1 2
-1 6
+1 1
-1 1
+1 1
-1 2
+3 1
+1 1
-1 1
+1 2
+1 1
+6 2
+1 2
-57 4
+66 1
+3 8
-46 4

fn=(214)
1870 8
+1 1
-1 6
+1 1
+6 2
+5 16
-7 2
+7 1
-8 1
+8 2
+3 2
+9 6
+7 3
+1 1
-1 1
cfi=(29)
cfn=(126)
calls=1 199 
* 13
-12 1
+12 1
+59 5
-58 4
+3 18
+5 72
cfi=(29)
cfn=(126)
calls=9 199 
* 123
* 36
cfi=(29)
cfn=(126)
calls=9 199 
* 117
+3 18
+6 27
+3 54
cfn=(216)
calls=9 1568 
* 486
* 9
+2 27
+2 18
+65 8
+7 2
-2 2
+2 2
+3 3
-13 1
+27 9
1902 52
+29 18
+1 63
+6 18
+2 9
-2 9
+2 18
cfi=(66)
cfn=(218)
calls=9 28 
* 142
* 9
+3 9
-3 18
+1 1
+2 2
-2 1
+2 24
-61 2

fn=(216)
1568 110
+39 30
+19 40
cfi=(54)
cfn=(176)
calls=10 28 
* 217
* 10
+2 20
+11 1
+6 2
-5 1
+5 8
cfi=(55) ./io/../sysdeps/unix/sysv/linux/read_nocancel.c
cfn=(178) __read_nocancel
calls=1 25 
* 6
+2 2
+2 2
+2 2
+6 2
+17 11
fi=(28)
50 2
cfi=(27)
cfn=(142)
calls=1 +45 
* 5
fe=(31)
1856 90
1674 3
+74 2
+5 2
+2 4
+6 2
+6 1
+1 1
-1 3
+1 1
-1 1
+1 2
+21 3
+31 1
-31 1
1633 1
1820 2
-31 48
+1 24
+1 8
+4 8
+6 4
+1 28
+10 12
cfi=(70)
cfn=(230)
calls=2 25 
* 14
* 16
+8 18
+15 2
+6 1
-3 1
+1 1
+1 1
+1 2
-3 1
+1 1
+1 1
+2 1
-3 3
-1 1
+4 2
-19 18
+3 2
-4 2
+4 4
+5 1
+1 4
-60 13
+1 3
-1 1
+1 3
cfi=(70)
cfn=(230)
calls=1 25 
* 7
* 3
+16 5
1612 18
+62 3
1802 4
-30 2

fn=(174)
1568 11
+39 3
+19 4
cfi=(54)
cfn=(176)
calls=1 28 
* 19
* 1
+2 2
+11 1
+6 2
-5 1
+5 8
cfi=(55)
cfn=(178)
calls=1 25 
* 6
+2 2
+2 2
+2 2
+6 2
+17 11
fi=(28)
50 2
cfi=(27)
cfn=(142)
calls=1 +45 
* 5
fe=(31)
1856 9
1674 3
+74 2
+5 2
+2 4
+6 2
+6 1
+1 1
-1 3
+1 1
-1 1
+1 2
+1 2
+20 3
+31 1
-31 1
1633 1
1820 2
-31 66
+1 28
+1 8
+4 8
+25 12
+3 18
+3 2
-4 2
+4 4
+6 4
-36 6

fn=(182)
944 20
+10 2
-10 8
+10 2
cfi=(45) ./elf/./elf/dl-debug.c
cfn=(184) _dl_debug_update
calls=2 38 
* 14
* 2
+7 8
+85 8
+10 4
+7 14
cfi=(26)
cfn=(70)
calls=2 59 
* 766
* 2
+1 4
+11 4
+5 2
-5 2
+1 4
+1 2
+2 2
-2 2
+2 4
+1 6
+1 2
+19 2
-2 1
+2 12
-2 1
+2 30
+10 8
+85 2
-58 2
-34 2
-1 2
+93 2
+6 2
-64 4
+9 2
+55 4
-55 2
-42 2
+97 4
1101 2
-5 4
+15 60
+20 2
+1 1
-22 69
+1 127
1213 4
1110 2
1213 4
1110 6
1218 6
+10 4
+1 2
-1 2
+1 2
-1 6
+1 6
-1 6
+1 6
-1 18
1076 4
1235 4
+10 8
+7 4
fi=(60) ./elf/./dl-map-segments.h
96 2
fe=(31)
1252 6
fi=(60)
28 2
fe=(31)
1252 2
fi=(60)
96 2
fe=(31)
1252 2
fi=(60)
28 4
+1 16
cfi=(59)
cfn=(192)
calls=2 +18 
* 18
+74 4
-1 2
-73 2
+74 2
+3 4
+1 2
+2 2
-3 2
+1 2
+2 2
+17 2
+2 2
fi=(61) ./elf/./dl-load.h
-37 16
+1 6
+2 16
fi=(60)
+56 32
+8 2
-2 2
+1 2
+2 2
-1 2
+1 2
-1 6
+8 4
+3 4
+8 14
cfi=(43) ./string/../sysdeps/x86_64/multiarch/memset-vec-unaligned-erms.S
cfn=(130) memset
calls=2 -52 
* 237
+1 4
+5 4
+12 8
-59 40
+2 12
+3 6
-3 12
+2 48
cfi=(59)
cfn=(192)
calls=6 -93 
* 54
* 18
fi=(56) ./elf/../sysdeps/posix/dl-fileid.h
37 6
cfi=(57)
cfn=(188)
calls=2 -8 
* 30
* 4
fe=(31)
999 4
fi=(56)
40 6
fe=(31)
999 2
fi=(56)
40 2
fe=(31)
999 23
+1 10
fi=(56)
49 12
fe=(31)
1515 18
1018 4
+66 13
+1 2
-1 1
+1 1
-1 1
+1 1
cfi=(70)
cfn=(230)
calls=1 25 
* 7
* 2
+26 26
+26 48
+10 8
-1 8
-1 8
+2 8
+2 8
-2 8
-1 48
+2 16
+1 8
+2 8
-3 8
+3 48
+2 16
+4 16
+1 30
+4 6
+1 6
-1 6
+1 42
-18 6
+28 6
-11 2
+1 2
-1 2
+1 14
-18 2
+28 2
-56 4
+7 2
+2 2
-2 2
+1 2
+1 2
-1 4
+1 16
+50 3
+5 1
-1 2
+5 1
-5 2
-56 1
+61 4
+1 1
+3 1
-3 1
+8 4
+15 4
+1 2
+58 8
+1 6
fi=(62) ./elf/./elf/get-dynamic-info.h
39 4
+6 2
-2 2
+2 4
+9 2
+5 2
+3 2
+2 2
-3 2
-3 2
-3 28
+13 8
-23 32
+23 29
-23 116
+4 74
+5 40
+2 10
+3 8
+13 8
+10 7
+1 8
+1 8
+1 8
+2 8
+5 7
+1 7
+1 8
+3 6
+5 2
+7 4
+1 6
+22 6
+5 2
+2 2
+2 2
+2 2
+4 6
+2 3
+1 2
+9 2
+6 2
+4 4
fe=(31)
1275 4
+1 4
+2 4
+10 6
+19 6
+2 10
+52 6
+1 2
+6 16
+1 42
+6 8
cfn=(88)
calls=2 868 
* 40
-7 54
+1 25
+6 25
-6 50
fi=(30) ./elf/../sysdeps/x86/dl-prop.h
95 16
213 2
-1 4
105 4
212 2
105 2
-2 2
-3 2
+2 2
+3 2
-4 4
+92 8
-1 2
-87 6
+3 6
+1 4
+1 4
+4 6
+4 6
+3 6
+1 4
+4 2
+1 8
+58 6
+2 8
-56 6
+1 3
+3 6
+3 3
+1 12
+5 6
+2 6
+5 6
+14 3
-1 6
+2 2
-1 4
fe=(31)
1380 4
cfi=(63)
cfn=(202)
calls=2 25 
* 12
* 4
+13 4
+2 8
+2 4
+16 4
cfi=(8)
cfn=(14)
calls=2 25 
* 58
+4 4
+1 4
+17 4
+1 1
+3 1
+5 1
-5 1
+5 1
-5 1
+5 1
-5 1
+5 1
+10 4
+7 12
+10 4
+1 4
+5 2
cfi=(46) ./elf/../elf/dl-tls.c
cfn=(234) _dl_assign_tls_modid
calls=1 131 
* 10
+7 6
cfi=(26)
cfn=(82)
calls=2 31 
* 94
+3 8
+23 14
+1 6
cfi=(48)
cfn=(204)
calls=2 76 
* 10
* 2
fi=(61)
95 5
+2 1
-1 2
+1 1
-1 1
+1 1
-1 1
+1 1
-1 2
+3 4
fe=(31)
1506 10
fi=(30)
198 8
+2 2
+1 2
+2 2
-3 6
fe=(31)
1368 6
fi=(62)
62 8
+2 8
fe=(31)
1084 2
fi=(60)
187 8
cfi=(59)
cfn=(192)
calls=1 47 
* 9
+3 2
fe=(31)
1462 6
+2 1
-1 5
+1 1
-1 1
+1 1
-1 1
cfi=(32)
cfn=(90)
calls=1 108 
* 25
* 2
+2 5
1275 2
fi=(56)
49 3
fi=(30)
170 3
-39 2
fe=(31)

fn=(210) _dl_dst_count
238 4
+3 2
-3 4
+7 2
-7 4
+3 2
cfi=(42)
cfn=(118)
calls=2 23 
* 72
+3 4
+20 14

fn=(106) _dl_init_paths
706 11
+14 1
-14 2
+14 2
cfi=(38) ./elf/./elf/dl-hwcaps.c
cfn=(108) _dl_important_hwcaps
calls=1 175 
* 1646
fi=(28)
56 1
fe=(31)
720 1
fi=(28)
56 1
cfi=(27)
cfn=(76)
calls=1 -21 
* 25
fe=(31)
725 1
+2 2
+7 2
+1 2
-1 3
+5 3
fi=(28)
56 1
cfi=(27)
cfn=(76)
calls=1 -21 
* 25
fe=(31)
739 1
+2 4
+17 1
-10 1
+19 1
-11 1
-9 1
+9 1
+12 2
-10 1
+3 2
+9 1
-7 1
+4 1
+3 2
-3 1
-8 1
+3 1
+8 1
-3 1
+1 16
cfi=(43)
cfn=(130)
calls=4 125 
* 72
+2 18
-14 3
+10 3
+4 3
-12 3
-2 3
+2 3
+4 3
-3 3
+3 3
+1 3
-2 3
+5 6
+1 3
-4 3
+4 3
+15 1
+3 1
-15 1
+7 1
-1 1
+9 2
+2 4
+2 3
+36 5
+2 2
cfi=(22)
cfn=(60)
calls=1 41 
* 17
* 9
-19 1
-2 1
+2 2
+19 9
cfi=(29)
cfn=(80)
calls=1 212 
* 11
* 1
+5 4
-1 2
+2 1
+1 2
-2 4
+1 13
+1 26
-2 52
+5 1
fi=(28)
56 1
cfi=(27)
cfn=(76)
calls=1 -21 
* 25
fe=(31)
836 1
fi=(28)
56 1
fe=(31)
838 2
+6 6
cfn=(132)
calls=1 468 
* 583
+3 3
+6 1
+4 8
-35 2
+5 2

fl=(129) ./elf/./elf/dl-call-libc-early-init.c
fn=(414) _dl_call_libc_early_init
27 1
+2 2
-2 1
+6 3
-6 1
+6 3
-6 1
+6 1
cfi=(128) ./elf/./elf/dl-lookup-direct.c
cfn=(410) _dl_lookup_direct
calls=1 +41 
* 177
+4 2
+2 4
+2 1
-1 1
+1 2
-1 1
cob=(3)
cfi=(130)
cfn=(416)
calls=1 -7 
* 1108

fl=(58)
fn=(190)
153 24
-55 24
+70 28
+1 4
-2 16
+1 16

fl=(22)
fn=(60)
41 16
+44 16
+1 16
+1 16
+1 16
+1 16
+1 16
+1 16
+2 16
+2 16
+31 14
+1 14
+1 14
+1 14
+1 14
+1 9
+2 9
+4 5
+1 5
+1 5
+1 5
+1 5
+1 5
+1 5
+1 5
+1 5
+1 5
+1 5
+1 5
+5 40
+4 2
+1 28
+1 16

fl=(49) ./string/../sysdeps/x86_64/strcspn.S
fn=(156) strcspn
25 1
+2 1
+7 1
+1 1
+2 1
+1 1
+1 1
+1 1
+1 33
+3 3
+7 1
+1 1
+1 1
+1 1
+2 1
+1 1
+1 1
+1 1
+2 1
+1 1
+1 1
+9 3
+12 1
+2 1
+1 1
+1 1
-4 12
+2 12
+1 12
+1 12
+2 13
+1 13
+1 13
+2 13
+1 13
+1 13
+2 13
+1 13
+1 13
+2 1
+1 1
+1 1
+2 1
+7 1
+4 1

fl=(135) ./elf/../sysdeps/x86_64/dl-trampoline.h
fn=(432) _dl_runtime_resolve_xsave
67 2
+5 2
+3 2
+2 2
+10 2
+6 2
+1 2
+1 2
+1 2
+1 2
+1 2
+1 2
+4 2
+1 2
+3 2
+1 2
+2 2
+1 2
+1 2
+1 2
+1 2
+1 2
+2 2
+7 2
+1 2
+1 2
cfi=(136)
cfn=(434)
calls=2 -80 
* 1555
+1 2
+5 2
+1 2
+1 2
+2 2
+1 2
+1 2
+1 2
+1 2
+1 2
+1 2
+2 2
+2 2
+4 2
+2 2

fl=(124)
fn=(394)
95 8
+1 8
+1 4
+6 20
+1 119
+1 82
+2 12
+5 4

fl=(45)
fn=(150) _dl_debug_state
116 2
+1 2

fn=(144) _dl_debug_initialize
56 1
+3 2
+4 1
-6 1
+4 1
+2 2
+22 2
+5 2
+1 1
+1 1
-1 1
-1 1
+5 2
+4 2
+8 2
-43 2
+32 6

fn=(184)
38 3
+3 3
-1 6
+4 6
+4 3

fl=(65) ./elf/./elf/dl-deps.c
fn=(208) _dl_map_object_deps
159 5
+1 3
-1 1
+1 1
-1 2
+1 1
-1 3
+1 1
-1 4
+1 12
-8 1
-7 1
+15 1
-14 1
+6 1
+8 1
-15 1
+7 1
-8 1
+1 1
+7 1
-7 1
+31 3
-28 3
-2 1
+31 1
-33 2
+2 2
+30 2
-30 1
-1 4
+7 4
+24 2
-32 1
+60 1
-60 2
+36 1
fi=(72) ./elf/../include/scratch_buffer.h
77 3
fe=(65)
198 1
fi=(72)
78 1
fe=(65)
200 2
+98 1
198 1
+4 1
+7 1
+4 4
-4 3
+4 12
+11 12
-18 2
+18 4
433 12
+2 2
+3 2
-3 4
+3 2
fi=(28)
56 2
cfi=(27)
cfn=(76)
calls=2 -21 
* 50
* 2
fe=(65)
439 4
+6 2
+1 10
cfi=(29)
cfn=(80)
calls=2 212 
* 22
+1 10
cfi=(29)
cfn=(80)
calls=2 212 
* 22
+4 2
-1 2
+5 16
204 9
458 9
-1 4
+1 8
199 3
+27 10
+5 2
+6 2
-5 2
-1 2
+2 4
+4 8
-31 2
+31 2
+1 6
+6 8
cfi=(31)
cfn=(210)
calls=2 -6 
* 108
* 6
+4 4
-2 2
+2 4
cob=(2)
cfi=(50)
cfn=(162) 0x0000000004002050
calls=2 0 
* 6985
+1 4
+9 2
+2 4
+5 10
+6 2
+2 2
-8 4
+3 2
+1 2
+1 2
+1 2
+4 10
+4 6
+1 3
-43 200
+1 96
+44 144
-38 4
fi=(72)
85 3
fe=(65)
464 6
+1 1
+3 4
+11 3
fi=(28)
56 1
cfi=(27)
cfn=(76)
calls=1 -21 
* 25
* 1
fe=(65)
481 2
+5 3
+1 1
-1 2
+4 2
-2 1
+2 1
-2 2
+11 3
+5 3
-14 9
-2 3
+4 3
+7 3
-2 6
-5 1
+7 1
-2 2
+2 2
+5 1
-14 6
+17 2
+52 3
+37 3
+15 1
-11 1
+11 1
-14 2
+20 1
-1 3
+1 3
-1 5
cfi=(12)
cfn=(242) _dl_sort_maps
calls=1 288 
* 260
+5 1
+3 1
-1 1
+2 2
+7 3
+3 3
+3 8
214 25
+3 2
fi=(72)
-86 6
cfi=(71)
cfn=(236)
calls=2 30 
* 40
fe=(65)
+86 4
+4 6
611 2
cfi=(29)
cfn=(80)
calls=1 212 
* 11
* 1
-53 2
160 2
380 6

fn=(212) openaux
61 6
+7 2
-4 4
+1 2
-1 16
cfi=(31)
cfn=(170)
calls=2 2022 
* 6827
* 2
+5 4

fl=(127) ./elf/../sysdeps/nptl/dl-mutex.c
fn=(408) __rtld_mutex_init
30 2
+10 3
-10 1
+10 2
-10 1
+7 1
+3 2
cfi=(128)
cfn=(410)
calls=1 +34 
* 175
+4 2
+1 8
+2 3
-2 1
+2 3
cfi=(128)
cfn=(410)
calls=1 +27 
* 198
+4 2
+1 6
+1 2
-1 1
+1 2

fl=(59)
fn=(192)
47 24
+3 24
+8 48
+2 12

fl=(41) ./elf/./elf/dl-hwcaps_split.c
fn=(120) _dl_hwcaps_contains
66 3
+1 6
+1 3
+9 3

fn=(116) _dl_hwcaps_split_masked
51 40
-25 42
+4 24
+4 48
+1 12
-1 24
+2 24
+5 27
cfi=(42)
cfn=(118)
calls=9 -18 
* 216
+1 18
+3 6
+11 12
+1 12
+1 6
-1 6
+1 6
-2 6
+1 6
+1 3
-1 3
+1 15
cfn=(120)
calls=3 +8 
* 15
* 6
-3 5
+7 32
-19 6
cfi=(22)
cfn=(60)
calls=3 -2 
* 51
* 3

fn=(122) _dl_hwcaps_split
25 4
+1 3
+21 1
-20 1
+20 3

fl=(73) ./elf/./elf/dl-version.c
fn=(250) _dl_check_all_versions
361 6
+4 5
-2 2
+4 24
cfn=(252) _dl_check_map_versions
calls=4 155 
* 3763
-2 4
+2 12
-1 4
-1 8
+5 7

fn=(252)
155 32
+15 4
-15 8
+15 8
+2 20
+2 4
+1 4
-1 4
+1 4
+2 8
+3 4
-16 2
-8 2
+28 2
-4 2
+4 4
+16 2
36 4
200 2
36 10
+1 5
-1 10
+2 21
cfi=(53)
cfn=(172)
calls=7 +30 
* 958
* 14
208 6
+5 2
-71 4
+71 6
+8 2
-2 2
-2 4
+4 2
-4 12
+4 5
-2 5
-2 10
+4 5
-4 50
56 28
+8 21
+6 21
+16 7
+1 14
+2 7
+5 63
+14 136
+12 183
+4 61
-30 122
224 28
+3 21
+5 5
-11 5
110 7
+3 28
cfi=(32)
cfn=(90)
calls=7 -5 
* 216
* 30
236 8
+14 4
+3 8
+10 42
-7 168
+3 126
-3 8
+3 6
+8 6
+6 3
fi=(28)
44 3
fe=(73)
273 3
fi=(28)
44 3
cfi=(27)
cfn=(72)
calls=3 +34 
* 108
fe=(73)
272 3
fi=(28)
44 3
fe=(73)
274 6
+13 3
-3 3
+3 12
+2 9
+3 8
+4 6
+7 7
+1 7
-1 21
+1 7
+1 7
-2 7
+2 14
+1 21
+3 21
+5 5
-15 5
+2 5
-2 5
+2 5
-2 5
+2 10
-2 2
+2 2
-2 2
+2 2
-2 2
+2 4
+16 6
+39 36
-29 9
+3 8
+4 42
+6 42
+1 42
+1 42
-1 126
+1 42
-1 42
+1 42
+1 42
+3 126
+4 42
-14 88
+10 6
164 2
+86 2
-94 2
+94 3

fl=(190)
fn=(722)
31 9
+20 3
-3 7
+3 4
+3 2
cob=(3)
cfi=(191)
cfn=(724)
calls=1 +23 
* 43
+2 1
+3 2
+2 6
+7 2
-2 1
+2 1
cfi=(48)
cfn=(442)
calls=1 -28 
* 21
+5 14
+5 1
-5 1
+5 3
+2 8
+2 8
+2 8
+1 4
+1 4
+4 4
-12 12
+14 6
+1 4
+6 5
cfi=(12)
cfn=(242)
calls=1 288 
* 300
+9 2
cob=(3)
cfi=(192)
cfn=(726)
calls=1 367 
* 34
+5 6
+2 1
+2 3
-2 3
+2 9
+3 8
+3 12
+4 2
+11 4
+1 1
+1 2
+1 5
+1 2
cob=(5)
cfi=(144)
cfn=(728)
calls=1 0 
* 92
-1 5
+5 3
+1 6
cob=(2)
cfi=(50)
cfn=(754) 0x000000000483f334
calls=1 0 
* 110
cob=(2)
cfi=(50)
cfn=(750) 0x000000000010a818
calls=1 0 
* 4
+6 8
cfi=(48)
cfn=(752)
calls=4 -57 
* 20
+5 4
-45 12
+49 3
cfi=(48)
cfn=(442)
calls=1 40 
* 21
* 2
-38 9
+3 2
+41 6
+6 2
+7 8
73 2

fl=(1) ???
fn=(0) 0x00000000000202b0
0 2
cfi=(2)
cfn=(2) _dl_start
calls=1 527 
0 148824
0 14
cfi=(138) ./elf/./elf/dl-init.c
cfn=(450) _dl_init
calls=1 77 
0 352
0 3
cob=(5)
cfi=(144)
cfn=(484)
calls=1 0 
0 6005539655

fl=(16)
fn=(40) update_active.constprop.0
43 7
+45 1
-41 1
+28 1
-18 1
+31 1
+4 1
-36 1
-1 1
+37 1
-26 1
-11 1
+1 1
+36 2
+1 1
-17 1
-21 1
+25 1
-4 1
-11 1
+28 1
-1 1
-36 1
+18 1
+19 1
-13 1
-4 1
-11 1
+19 1
+11 1
-3 1
-12 1
+14 1
-29 1
+18 1
+9 1
-18 1
+13 1
-13 1
-9 1
+29 2
+3 1
-14 1
-9 1
+9 1
+4 1
+10 1
-17 1
+7 1
+5 1
+5 1
+1 1
-1 1
+1 2
+2 2
+1 4
+3 1
+1 1
-1 1
+1 1
-1 1
+1 1
-1 1
+1 1
+4 2
+4 2
+2 4
+83 3
+12 2
+1 1
+3 3
+4 1
-4 1
+4 1
+67 3
+4 3
fi=(18) ./elf/../sysdeps/x86/get-isa-level.h
31 1
-3 1
+3 1
-1 2
fe=(16)
296 1
+1 8
-75 3
+1 2
+3 1
-1 1
+9 1
-5 1
+2 1
-2 1
+5 1
fi=(18)
32 3
+4 3
fe=(16)
+83 2
+2 1
+3 2
+10 1
+10 1
-10 1
+10 1
-10 1
+6 1
+4 1
-4 1
-6 1
+6 1
+2 1
-2 1
+2 3
+7 4
fi=(18)
39 3
+1 4
+5 1
-7 1
+7 3
+2 1
+1 2
+1 3
fe=(16)

fn=(34)
399 1
+16 1
-16 6
+3 1
+1 1
+1 1
+11 2
+3 6
593 1
+94 5
+1 1
+3 2
+1 1
+6 1
+3 1
fi=(19) ./elf/../sysdeps/x86/dl-cacheinfo.h
+5 1
+2 1
fe=(16)
-9 1
fi=(19)
+23 2
840 1
+34 1
-34 17
+33 2
+25 2
+21 2
-21 2
+13 3
+8 1
-8 1
+8 1
cfi=(10)
cfn=(24)
calls=1 402 
* 21
* 1
+2 2
+3 4
cfi=(10)
cfn=(24)
calls=1 402 
* 21
* 1
+5 2
-3 2
+3 2
cfi=(10)
cfn=(24)
calls=1 402 
* 21
* 1
+2 2
+3 4
cfi=(10)
cfn=(24)
calls=1 402 
* 21
* 1
+1 2
+22 1
-16 4
+3 3
-3 1
cfi=(10)
cfn=(24)
calls=1 402 
* 21
+3 3
-3 2
+3 10
cfi=(10)
cfn=(54) __GI___tunable_set_val
calls=1 157 
* 58
+1 8
cfi=(10)
cfn=(54)
calls=1 157 
* 58
+1 9
cfi=(10)
cfn=(54)
calls=1 157 
* 58
+2 8
cfi=(10)
cfn=(54)
calls=1 157 
* 58
+2 9
cfi=(10)
cfn=(54)
calls=1 157 
* 58
+4 2
fe=(16)
706 1
fi=(19)
954 2
fe=(16)
706 2
fi=(19)
954 4
fe=(16)
706 1
cfi=(10)
cfn=(24)
calls=1 402 
* 19
+4 3
+14 1
-1 2
+1 3
+47 1
-1 1
+1 1
+46 4
cfi=(10)
cfn=(24)
calls=1 402 
* 19
+2 4
cfi=(10)
cfn=(24)
calls=1 402 
* 19
fi=(21) ./elf/../sysdeps/unix/sysv/linux/x86/cpu-features.c
27 6
fe=(16)
829 2
+45 8
fi=(19)
+7 11
fe=(16)
775 3
+17 2
fi=(19)
-68 3
cfn=(46) handle_intel.constprop.0
calls=1 255 
* 435
+1 1
-1 2
+1 1
cfn=(46)
calls=1 255 
* 476
+1 1
-1 1
+1 1
cfn=(46)
calls=1 255 
* 501
+3 1
-3 2
+3 1
cfn=(46)
calls=1 255 
* 457
+2 1
-2 1
+2 1
cfn=(46)
calls=1 255 
* 449
+3 1
-2 1
-1 1
+3 1
cfn=(46)
calls=1 255 
* 426
+2 1
-2 1
+2 1
cfn=(46)
calls=1 255 
* 427
+3 1
-2 1
-1 1
+3 1
cfn=(46)
calls=1 255 
* 467
+2 1
-2 1
+2 1
cfn=(46)
calls=1 255 
* 468
+3 1
-3 1
+3 1
cfn=(46)
calls=1 255 
* 492
+2 1
-2 1
+2 1
cfn=(46)
calls=1 255 
* 493
+2 1
-2 1
+2 1
cfn=(46)
calls=1 255 
* 788
+2 3
-2 1
+2 1
cfn=(52) get_common_cache_info.constprop.0
calls=1 481 
* 214
863 11
fe=(16)
424 6
cfn=(36) get_common_indices.constprop.0
calls=1 -99 
* 71
303 3
+1 2
+1 6
+5 2
+1 6
+5 2
+1 6
429 1
cfn=(40)
calls=1 43 
* 177
+2 1
+2 1
+83 1
-85 2
564 2
+7 2
+2 1
+4 2
+6 2
422 2
-3 1
579 2
433 3
+1 4
+69 1
+10 4
-79 11
+55 3

fn=(36)
325 1
+4 4
+3 3
+5 2
-5 1
+5 1
-5 1
+4 1
+1 1
+1 4
+1 4
+1 3
+1 2
+7 2
+2 5
+5 1
-5 1
+5 1
-5 1
+5 1
-5 2
+5 1
+7 1
-7 4
+7 1
+1 3
+6 1
-6 4
+6 1
fi=(17) ./elf/../sysdeps/unix/sysv/linux/x86/dl-minsigstacksize.h
24 2
+3 2
+1 2
+37 3
+7 1
+2 1
fe=(16)
384 2

fl=(14)
fn=(28)
35 1
+1 3
+1 2
+6 1
+1 1

fl=(24)
fn=(66) __tls_pre_init_tp
53 3
+3 8
+5 1
-5 1
+5 1
+1 1
-6 1
+8 1

fn=(262) __tls_init_tp
68 2
fi=(209) ./elf/../include/list.h
-24 1
fe=(24)
+24 1
fi=(209)
-25 1
fe=(24)
+26 1
+3 1
fi=(209)
-29 1
+1 1
+1 1
+2 1
fe=(24)
+28 4
+1 2
+1 1
+5 2
+5 1
+6 1
-3 1
+3 1
-6 3
+6 1
+13 3
fi=(74) ./elf/../sysdeps/unix/sysv/linux/rseq-internal.h
-72 1
fe=(24)
+72 1
cfi=(10)
cfn=(24)
calls=1 402 
* 20
fi=(74)
-74 3
+2 6
+3 2
+3 1
fe=(24)
+83 3
+7 2
+2 1
+1 1
+1 3

fn=(84)
42 8
+2 16

fl=(7)
fn=(134)
239 2
+3 4
+2 2
+1 4
+4 33
+7 84
-2 56
+13 1
+4 4
-22 14
+15 14
-15 30

fn=(404) lookup_malloc_symbol
61 8
+3 4
-3 16
+3 4
-3 4
+3 8
-1 4
+1 12
cfi=(77)
cfn=(276)
calls=4 840 
* 2104
+4 28
+1 28
+2 4
fi=(126) ./elf/./dl-sym-post.h
-30 8
+12 12
fe=(7)
+19 20

fn=(12) __rtld_malloc_init_stubs
42 1
+1 2
+1 2
+1 2
+1 2
+1 1

fn=(400) __rtld_malloc_init_real
76 2
+10 1
fi=(125) ./elf/../sysdeps/generic/dl-hash.h
-41 1
fe=(7)
+31 1
fi=(125)
-32 1
fe=(7)
+32 5
+11 1
-1 1
fi=(125)
-43 1
+5 3
+14 4
-17 3
+3 15
+14 20
-17 15
fe=(7)
+46 2
fi=(125)
-24 1
fe=(7)
+22 1
+2 2
fi=(125)
-19 1
fe=(7)
+19 1
cfn=(404)
calls=1 -30 
* 575
+1 3
-1 1
+1 1
cfn=(404)
calls=1 -31 
* 575
+1 3
-1 1
+1 1
cfn=(404)
calls=1 -32 
* 561
+1 3
-1 1
+1 1
cfn=(404)
calls=1 -33 
* 553
+5 1
+1 1
+1 1
+1 1
+1 7

fl=(63)
fn=(202)
25 3
+1 12
+1 3

fl=(19)
fn=(52)
481 1
+17 1
-17 4
+16 1
-16 1
+15 1
-15 3
+18 1
-1 1
+9 2
+3 3
+11 1
-11 1
-5 1
+21 3
+4 2
681 4
+1 5
+4 2
+9 2
-2 1
+2 2
-1 1
+1 3
535 6
+3 8
+7 2
-7 9
+7 6
+3 26
+14 2
+4 1
+3 1
+1 1
-4 2
+3 3
+6 2
-37 6
+15 2
+4 1
+1 1
-1 2
+18 2
-68 6
+74 4
+8 7
+2 2
+4 3
+2 1
+2 5
-4 1
+16 1
-16 3
+21 2
-21 4
+3 1
+1 4
-4 1
+6 4
+3 2
+5 1
+2 2
+1 1
+1 1
-2 2
+1 1
-19 5
+46 2
+3 3
-23 2
+7 1
+2 2
-16 1
+22 1
-6 2
+1 1
+5 1
+7 2
+2 2

fn=(46)
255 24
-5 24
+16 12
-16 72
+13 12
+1 36
-3 24
+11 60
+5 24
+2 12
+1 12
-1 12
+5 48
cfn=(48) intel_check_word.constprop.0
calls=12 123 
* 3852
+2 24
+3 60
cfn=(48)
calls=12 123 
* 1156
+2 24
+3 5
cfn=(48)
calls=1 123 
* 20
+2 2
+3 5
cfn=(48)
calls=1 123 
* 255
+2 2
-35 3
+39 3
+5 96

fn=(48)
123 78
-4 78
+10 104
-10 26
+10 52
+2 52
+71 200
-71 102
+2 63
+2 126
+8 126
+51 102
+22 51
fi=(20) ./elf/../bits/stdlib-bsearch.h
28 51
-1 102
+4 102
+1 51
fe=(19)
+78 102
fi=(20)
-79 76
+1 38
fe=(19)
+78 76
+3 345
fi=(20)
-84 844
+2 512
+1 256
fe=(19)
+78 512
+15 15
246 104
fi=(20)
37 51
-8 115
fe=(19)
155 36
+3 36
-6 54
+3 14
+9 14
+23 19
-32 57
+3 57
+4 50
+2 100
+2 50
+2 36
+4 11
+2 22
+6 14
+3 8
+1 12
-8 4
+2 4
-1 4
-1 4
+2 8
-2 4
+3 12
-2 12
+2 8
-10 24
+1 10
+11 12
-26 4
+9 4
+23 2
-32 6
+3 6
+4 8
+2 16
+2 8
-11 3
+7 6
+2 12

fl=(64) ./io/../sysdeps/unix/sysv/linux/access.c
fn=(206) access
25 1
+2 7
+4 1

fl=(128)
fn=(410)
74 30
+2 3
-2 3
+4 3
-4 3
+2 3
+2 9
+37 3
-37 9
+1 6
+2 12
+3 25
-52 3
+54 6
-54 3
+54 3
-54 9
+1 9
+2 6
+1 6
+12 12
+3 3
+2 3
-2 3
+2 9
cfi=(32)
cfn=(90)
calls=3 +55 
* 207
* 6
+4 6
+1 3
-1 3
+1 18
+1 9
cfi=(32)
cfn=(90)
calls=3 +49 
* 75
* 6
+57 27
-23 6

fl=(51) ./elf/./elf/dl-error-skeleton.c
fn=(160) _dl_catch_error
225 10
+2 2
cob=(2)
cfi=(50)
cfn=(162)
calls=1 0 
* 2759
+1 2
+1 1
+1 1
-1 1
+1 1
+2 5

fn=(246) _dl_receive_error
238 6
+1 1
+1 1
+3 1
+1 1
+2 1
cfi=(2)
cfn=(248) version_check_doit
calls=1 696 
* 3846
+2 1
+1 1
+1 4

fn=(164) _dl_catch_exception
175 9
+5 3
-5 9
+5 3
-2 6
+22 3
-1 3
+7 6
-6 3
+3 6
+3 3
cfi=(52)
cfn=(166)
calls=3 30 
* 72
* 12
+2 9
cfi=(65)
cfn=(212)
calls=2 61 
* 6863
cfi=(2)
cfn=(168) map_doit
calls=1 663 
* 2698
+2 3
-1 3
+1 3
-1 3
+1 6
+9 12

fl=(43)
fn=(130)
125 7
+1 35
+6 7
+1 7
+1 7
+1 7
+2 1
+1 1
+1 1
+65 4
+1 4
+2 4
+76 6
+1 6
+5 6
+3 6
+1 6
+3 2
+1 2
+13 2
+1 2
+2 2
+3 1
+3 2
+3 1
+1 1
+1 1
+1 1
+1 1
+1 1
+1 1
-6 27
+1 27
+1 27
+1 27
+1 27
+1 27
+1 27
+3 2
+1 2
+1 2
+1 2
+5 2

fl=(10)
fn=(54)
157 15
-55 5
+55 5
-55 5
+55 5
-55 35
+9 5
+1 5
fi=(210) ./elf/./dl-tunable-types.h
-22 10
fe=(10)
+22 20
+1 40
fi=(11) ./elf/./elf/dl-tunables.h
+8 10
+1 5
fe=(10)
-6 15
fi=(11)
+15 5
fe=(10)
-12 10
+4 10
+7 10
+1 10
+3 30
+1 5
+1 5
+1 5
+24 5
fi=(11)
-30 15
fe=(10)

fn=(18)
279 9
-9 9
71 290
+6 57
-3 114
+3 4920
+4 114
+5 114
fi=(11)
+54 57
fe=(10)
-54 228
fi=(11)
+55 142
-1 98
+1 28
-1 57
+1 114
fe=(10)
320 228
-18 7980
+6 12540
fi=(11)
140 513
+1 1026
-1 21
+1 84
-1 105
fe=(10)
354 8
74 114

fn=(24)
402 33
+3 231
+9 33
-9 126
+9 10
+17 165
+2 33
-9 23
+1 23

fl=(2)
fn=(248)
696 3
+2 4
cfi=(73)
cfn=(250)
calls=1 361 
* 3835
* 2
+4 2

fn=(2)
527 10
85 1
fi=(6)
-40 1
fe=(2)
557 1
-4 1
85 2
556 1
85 1
fi=(3) ./elf/./get-dynamic-info.h
-40 1
fe=(2)
556 1
fi=(3)
45 2
+9 1
+5 1
+3 1
+2 1
+4 1
-7 1
-3 1
-3 14
+13 4
-23 16
+23 14
-23 56
+4 36
+5 20
+2 5
+3 4
fi=(4)
+21 1
fi=(3)
-8 3
+10 4
+1 4
+1 4
+1 4
+2 4
+5 4
+1 4
+1 4
+3 3
+5 2
+7 3
+1 3
+8 2
+1 2
+5 3
+3 3
fe=(2)
573 1
fi=(6)
71 1
fe=(2)
573 42
fi=(6)
414 1
fi=(5)
86 1
fe=(2)
573 2
fi=(5)
49 1
+37 1
-37 1
+37 1
+2 1
-2 1
+2 1
-2 1
+27 2
-27 1
fe=(2)
573 2
fi=(5)
49 1
+37 1
-37 1
+37 1
+2 1
-2 1
+2 1
-2 1
+27 3
+1 2
fi=(6)
534 2
fi=(5)
114 282
fi=(6)
534 282
+1 142
fi=(5)
113 142
fi=(6)
535 284
fi=(5)
113 284
+5 4
+8 7
fi=(6)
326 12
fi=(5)
126 21
+2 7
+2 7
-2 7
fi=(6)
287 7
fi=(5)
130 7
-2 7
+1 14
fi=(6)
287 14
+9 70
+3 14
+27 33
fe=(2)
573 6
fi=(5)
50 1
fi=(4)
+30 2
fi=(6)
326 2
+20 12
+1 6
fe=(2)
575 1
+13 1
cfi=(7)
cfn=(12)
calls=1 42 
* 10
+4 2
85 1
488 2
85 3
488 1
cfi=(8)
cfn=(14)
calls=1 25 
* 29
+2 2
-1 1
+1 2
+17 1
-15 1
-2 1
+17 1
-15 1
+9 1
-11 1
+17 1
cfi=(9)
cfn=(16)
calls=1 85 
* 146731
* 1
+2 2
+98 9
fi=(3)
62 4
+2 4
fe=(2)
573 3

fn=(64)
1320 2
205 1
311 1
1320 2
2818 1
1320 3
2829 1
1320 2
2698 1
1320 2
311 1
1320 3
207 1
310 1
205 1
+99 3
1332 1
cfi=(24)
cfn=(66)
calls=1 53 
* 17
2677 3
+6 5
-4 1
+4 1
+2 3
cfi=(25) ./elf/./elf/dl-environ.c
cfn=(68) _dl_next_ld_env_entry
calls=1 28 
* 63
* 4
cfi=(25)
cfn=(68)
calls=2 28 
* 334
* 9
+4 6
-2 2
+2 6
+1 2
-1 6
+1 17
-1 89
+9 12
2845 4
+32 2
1348 1
+1 2
-1 2
+1 2
2774 3
+1 3
-56 2
+7 2
1627 9
cfi=(26)
cfn=(70)
calls=1 59 
* 230
* 1
+2 2
+1 1
+6 2
-6 1
+1 2
+1 3
+4 1
cfi=(26)
cfn=(82)
calls=1 31 
* 36
+1 2
1140 1
1326 1
1169 1
-29 1
+11 1
+18 2
-21 1
+21 1
-19 1
-4 1
+23 1
-21 1
+21 2
+57 1
-83 1
+23 1
+4 1
+19 1
+22 1
+15 5
-56 116
1275 4
+2 1
1169 18
fi=(30)
105 2
fe=(2)
1282 22
+6 4
cfi=(31)
cfn=(88)
calls=1 868 
* 20
-7 26
+1 13
+6 13
-6 26
fi=(30)
212 4
+1 2
95 8
+10 2
212 1
105 1
-2 1
-3 1
+2 1
+3 1
-4 2
+92 4
-1 1
-87 3
+3 3
+1 2
+1 2
+4 3
+4 3
+3 3
+1 2
+4 1
+1 4
+58 3
+2 4
-56 4
+1 2
+3 4
+3 2
+1 8
+5 4
+2 4
+5 4
+14 2
-1 4
+2 2
fe=(2)
1174 1
-5 1
+5 2
-5 2
+30 1
-9 1
+27 1
-27 1
+2 1
-3 1
+10 2
-20 2
-10 1
+10 1
+1 9
-11 2
+57 4
-1 4
+1 8
-1 4
+2 8
+1 1
+2 12
+1 14
+4 8
+1 8
+1 4
+1 10
+1 1
+4 1
-74 1
+74 2
-74 2
+74 3
-74 3
+74 6
-74 6
fi=(30)
165 2
fe=(2)
1271 1
1169 1
1271 1
1169 2
1294 1
+3 2
+2 1
-5 2
+3 2
+2 2
+2 2
1662 3
+2 1
-1 1
+1 2
+1 2
-2 1
+2 1
-2 2
cfi=(32)
cfn=(90)
calls=1 108 
* 34
* 2
+7 1
+3 1
-5 1
+3 1
+2 1
+1 2
+4 2
+2 2
fi=(3)
39 3
+6 1
-2 1
+2 2
+9 1
+5 1
+3 1
+2 1
-3 1
-3 1
-3 17
+13 5
-23 20
+23 21
-23 84
+4 52
+5 24
+2 5
+16 3
+25 3
+5 2
+7 2
+1 3
+22 3
+5 2
+2 2
+2 2
+2 2
+1 1
+3 3
+2 3
+1 2
+9 2
+6 2
+1 2
+3 2
fe=(2)
1688 3
+7 2
cfi=(8)
cfn=(14)
calls=1 25 
* 29
+3 2
fi=(33) ./elf/./setup-vdso.h
24 2
fi=(35) ./elf/../sysdeps/unix/sysv/linux/dl-vdso-setup.h
+21 1
fe=(2)
1723 1
cfi=(13)
cfn=(100)
calls=1 46 
* 90
* 8
fi=(37) ./elf/./dl-main.h
109 5
cfi=(31)
cfn=(106)
calls=1 706 
* 2721
fe=(2)
1731 3
cfi=(45)
cfn=(144)
calls=1 56 
* 30
+7 1
-7 1
+2 1
+5 1
+4 1
+3 1
-3 3
+1 2
+3 1
+5 1
-7 1
+7 1
+1 3
+12 2
+1 2
+5 1
-3 2
+2 1
+1 2
+5 3
+1 5
-1 2
233 1
-1 1
+1 3
+1 2
-2 1
+2 2
1793 2
+5 1
-1 1
+1 1
+24 1
cfi=(46)
cfn=(146) _dl_count_modids
calls=1 197 
* 6
* 1
fi=(47) ./elf/../sysdeps/generic/dl-debug.h
29 3
+1 2
fe=(2)
1828 2
+1 1
cfi=(45)
cfn=(150)
calls=1 116 
* 2
+1 1
+4 3
cfi=(48)
cfn=(152)
calls=1 28 
* 16
+5 3
+2 1
+2 2
+9 2
+16 4
cfi=(64)
cfn=(206)
calls=1 25 
* 9
* 2
+76 4
+16 3
85 1
1970 1
85 2
1970 2
85 1
1970 5
cfi=(65)
cfn=(208)
calls=1 159 
* 8490
92 1
1976 1
92 2
+9 2
1976 2
+1 5
-1 4
+1 6
-1 12
+4 4
+1 3
+1 1
+2 2
+1 4
-1 9
+1 9
+12 3
+1 2
+2 1
+2 3
+2 1
-4 1
+5 1
-1 2
+14 2
+1 2
+1 3
+11 2
+2 1
-2 1
+2 2
-2 1
+1 2
+1 1
-1 2
+1 1
cfi=(51)
cfn=(246)
calls=1 238 
* 3863
+10 2
+1 2
+3 2
862 1
fi=(211) ./elf/../sysdeps/unix/sysv/linux/dl-osinfo.h
64 2
fe=(2)
864 1
+6 1
+3 1
+7 1
-5 1
2052 3
2282 3
1778 2
+6 1
-6 2
+6 1
+2 3
fi=(30)
198 4
+2 1
+1 1
+2 1
-3 3
+3 1
fi=(3)
59 4
+3 4
+2 4
fi=(34) ./elf/../sysdeps/unix/sysv/linux/dl-vdso.h
-24 1
+1 2
fe=(2)
2331 1
1325 1
2342 1
-4 2
+10 1
-6 1
+6 1
+3 2
+8 1
fi=(30)
36 1
fe=(2)
2359 1
fi=(30)
37 3
+3 1
+13 6
-13 3
+9 6
-9 1
+9 20
+4 15
-16 12
+34 3
cfi=(75)
cfn=(266)
calls=1 252 
* 30
fe=(2)
2361 2
+54 3
+3 1
85 4
2422 1
+1 19
+2 8
+5 8
+2 8
+6 4
+2 12
+1 24
cfi=(76)
cfn=(268)
calls=3 194 
* 78674
+4 10
+1 2
-23 1
+23 1
cfi=(46)
cfn=(388) _dl_add_to_slotinfo
calls=1 1015 
* 28
-23 6
92 3
+1 1
2454 1
93 1
2454 1
+5 4
+2 1
+7 3
cfi=(46)
cfn=(390) _dl_allocate_tls_init
calls=1 528 
* 146
+3 2
fi=(3)
72 2
+10 3
+1 4
+1 4
+1 4
+2 4
+5 4
+1 4
+1 5
fi=(35)
-64 3
+3 1
+3 1
+3 1
fi=(34)
+16 2
fe=(2)
2434 1
+1 1
-3 2
+49 3
+2 4
+10 1
cfi=(123)
cfn=(392)
calls=1 561 
* 571
+5 2
cfi=(7)
cfn=(400)
calls=1 76 
* 2372
+3 1
cfi=(127)
cfn=(408)
calls=1 30 
* 415
85 1
2507 1
+1 3
85 3
2508 2
cfi=(76)
cfn=(268)
calls=1 194 
* 4806
92 3
+9 2
2516 3
cfi=(129)
cfn=(414)
calls=1 27 
* 1309
+7 1
cfi=(9)
cfn=(440)
calls=1 262 
* 2
+4 3
cfi=(48)
cfn=(442)
calls=1 40 
* 21
+5 2
cfi=(45)
cfn=(184)
calls=1 38 
* 7
+1 1
-1 1
+2 1
cfi=(45)
cfn=(150)
calls=1 116 
* 2
+1 1
+4 1
cfi=(67)
cfn=(444)
calls=1 537 
* 18
+5 8
1741 4
1995 2
+50 2
cfn=(254) init_tls
calls=1 756 
* 784
* 2
2726 4
+2 2
+1 1
+46 2
+2 1
+1 1
-1 1
+1 1
+1 1
85 1
1847 1
85 2
1847 1
85 1
1847 2
cfn=(154) handle_preload_list
calls=1 894 
* 3107
* 1
92 3
+9 3
1948 16
+1 1
-1 1
+4 3
+1 1
+1 2
+1 2
-7 2
fi=(30)
170 3
-39 2
fe=(2)

fn=(154)
894 10
+5 1
-5 2
+5 2
+6 1
-64 1
+54 3
+7 3
cfi=(49)
cfn=(156)
calls=1 25 
* 233
* 1
+1 3
+9 1
191 1
914 2
191 2
916 2
-80 1
+5 5
-10 1
+8 1
-4 1
+1 1
+1 1
+4 1
cob=(2)
cfi=(50)
cfn=(158) 0x0000000004002080
calls=1 0 
* 2784
+1 3
+8 3
+67 1
-18 2
+21 9
-15 4
cfi=(29)
cfn=(80)
calls=1 212 
* 19
+1 2

fn=(168)
663 2
+2 1
-2 1
+2 1
+1 2
-1 2
+1 3
cfi=(31)
cfn=(170)
calls=1 2022 
* 2683
* 1
+2 2

fn=(254)
756 3
+2 1
+4 1
-4 1
+4 2
+11 1
fi=(28)
44 1
fe=(2)
768 1
+4 1
fi=(28)
44 1
cfi=(27)
cfn=(72)
calls=1 +34 
* 36
fe=(2)
783 1
-12 1
+6 1
-9 1
+11 1
+4 1
+2 3
-1 2
+3 8
+4 1
+2 1
-2 2
-5 1
-1 2
+10 3
+3 2
cfi=(46)
cfn=(256) _dl_tls_static_surplus_init
calls=1 97 
* 79
+3 1
cfi=(46)
cfn=(258) _dl_determine_tlsoffset
calls=1 221 
* 76
+7 1
cfi=(46)
cfn=(260) _dl_allocate_tls_storage
calls=1 422 
* 442
* 1
+1 2
+6 1
+3 2
-3 1
+3 6
+3 1
cfi=(24)
cfn=(262)
calls=1 68 
* 75
+1 1
+3 5
-39 3
-1 7

fl=(39) ./elf/../sysdeps/x86_64/dl-hwcaps-subdirs.c
fn=(110) _dl_hwcaps_subdirs_active
29 1
fi=(18)
+2 1
fe=(39)
+7 1
fi=(18)
-7 2
-1 2
fe=(39)
+22 1
fi=(18)
-20 3
+4 1
fe=(39)
+2 1
fi=(18)
-2 2
+3 4
+1 4
+5 1
fe=(39)
-7 1
fi=(18)
+7 3
fe=(39)
-2 1
fi=(18)
+5 2
+1 3
fe=(39)

fl=(38)
fn=(108)
175 5
+1 1
-1 6
+1 1
-1 1
+1 1
-1 1
+1 1
-1 1
+1 2
cfi=(10)
cfn=(24)
calls=1 402 
* 21
* 1
+2 2
+1 3
+26 2
-26 1
+25 1
cfi=(39)
cfn=(110)
calls=1 29 
* 34
fi=(40) ./elf/./dl-hwcaps.h
54 1
fe=(38)
205 1
-1 1
fi=(40)
56 1
+32 1
+1 1
+1 1
fe=(38)
-35 2
cfi=(41)
cfn=(116)
calls=1 -4 
* 13
* 2
fi=(40)
-1 1
+2 2
-2 1
+34 2
+1 2
+1 1
fe=(38)
-32 1
-1 1
+1 1
+1 1
-1 1
-3 2
cfi=(41)
cfn=(116)
calls=1 -4 
* 20
* 2
cfi=(41)
cfn=(116)
calls=1 -4 
* 196
* 4
+48 5
fi=(28)
-47 1
cfi=(27)
cfn=(76)
calls=1 -21 
* 25
fe=(38)
+47 1
+2 2
+3 2
fi=(40)
-52 1
fe=(38)
+55 1
-3 1
fi=(40)
-54 2
+3 1
fe=(38)
+58 2
cfi=(41)
cfn=(122)
calls=1 -90 
* 12
* 2
fi=(40)
-61 1
+2 2
-2 1
+34 2
+1 2
+1 1
fe=(38)
+40 2
+1 1
-1 3
+2 1
+1 1
-2 3
-3 2
cfi=(41)
cfn=(116)
calls=1 -77 
* 20
* 2
cfi=(41)
cfn=(116)
calls=1 -77 
* 196
* 4
+8 2
+9 1
-15 1
+15 2
-15 1
+15 2
+70 1
+1 1
+4 1
-5 2
+1 4
+4 2
-4 1
+4 4
+1 1
-1 1
+1 2
+1 2
-2 5
+1 1
-1 1
+1 2
+1 2
-2 5
+5 1
+3 2
-3 2
+3 15
+7 1
-7 2
+2 3
+1 4
+2 1
fi=(212) ./elf/../sysdeps/x86/dl-hwcap.h
57 1
fe=(38)
233 2
fi=(212)
57 1
fe=(38)
233 2
fi=(212)
57 1
fe=(38)
233 1
+1 1
cfi=(22)
cfn=(60)
calls=1 41 
* 17
+1 1
+1 1
-6 1
+4 1
+1 1
-5 1
+5 1
+1 1
-1 2
-5 4
+10 3
-2 3
+2 1
+1 1
+1 1
-1 1
+4 4
+1 1
-1 1
+4 2
+4 1
-1 1
+1 4
-1 2
+4 3
+1 3
+19 10
+6 2
fi=(28)
56 1
cfi=(27)
cfn=(76)
calls=1 -21 
* 25
* 1
fe=(38)
283 2
+8 1
fi=(40)
54 1
+2 1
+34 1
-2 2
fe=(38)
-5 1
291 1
fi=(40)
54 1
+35 1
fe=(38)
291 1
fi=(40)
90 1
fe=(38)
-10 2
cfi=(41)
cfn=(116)
calls=1 -29 
* 13
* 2
fi=(40)
-26 2
+2 1
fe=(38)
+27 1
fi=(40)
-29 1
+34 2
+1 2
+1 1
fe=(38)
-8 1
+1 2
+7 1
-7 5
cfi=(29)
cfn=(126)
calls=1 199 
* 13
+4 1
+2 1
+2 1
-2 2
-9 2
cfi=(41)
cfn=(116)
calls=1 -29 
* 20
* 2
cfi=(41)
cfn=(116)
calls=1 -29 
* 196
* 4
304 1
+2 1
-2 1
-48 2
+72 1
-72 1
376 2
+13 2
-58 1
+45 1
+13 1
-58 1
-75 1
+82 1
+10 2
-92 1
+88 1
+4 3
-4 1
+3 7
-3 2
-3 1
+3 1
cfi=(29)
cfn=(126)
calls=1 199 
* 18
* 2
-3 1
+3 1
cfi=(29)
cfn=(126)
calls=1 199 
* 18
* 2
+3 2
-3 4
+3 5
+1 12
+1 2
-2 1
+2 1
cfi=(29)
cfn=(126)
calls=1 199 
* 15
* 2
-2 2
+5 8
cfi=(29)
cfn=(126)
calls=2 199 
* 30
* 4
+2 5
+5 6
+1 1
-1 3
+1 7
-1 25
+5 11
+4 1
-1 1
+1 2
-4 12
+4 2
-1 2
+1 13
-1 9
+1 18
+1 24
-1 12
-1 12
+2 24
-1 24
-1 24
+4 9
+3 1
+2 2
-1 1
-1 1
+2 1
-2 1
+2 2
-1 1
+1 2
+2 6
+1 2
+3 2
-6 2
+6 3
+7 8
+1 1
-1 2
+3 2
-3 3
+1 3
-1 6
+3 6
+3 4
-80 2
+86 9
-20 1
+1 2
-6 3
259 2
+1 2
+1 4
-1 3
+12 4
-44 2
+34 4
-2 3

fl=(46)
fn=(388)
1015 8
+6 1
+3 1
+1 1
+4 3
+34 2
+3 3
+1 3
+3 6

fn=(260)
422 2
+13 1
-13 2
+2 1
+12 1
fi=(28)
56 1
cfi=(27)
cfn=(76)
calls=1 -21 
* 53
fe=(46)
437 3
+8 2
fi=(28)
44 1
fe=(46)
445 2
+1 1
+4 321
+19 1
-99 1
+4 1
+1 1
fi=(28)
44 1
cfi=(27)
cfn=(72)
calls=1 +34 
* 36
fe=(46)
376 2
+3 1
+6 2
+90 5

fn=(390)
528 10
+1 2
+4 1
+6 1
-6 1
+6 1
cfi=(24)
cfn=(84)
calls=1 42 
* 3
+3 3
+12 1
-18 1
-1 1
+43 3
-19 13
+9 3
+1 2
+6 3
+1 1
+2 2
-2 1
+6 1
-4 2
+4 1
-4 2
+3 2
+4 2
+1 4
+2 2
+1 2
+17 1
-8 1
+8 1
+2 3
cfi=(29)
cfn=(126)
calls=1 199 
* 13
* 5
cfi=(43)
cfn=(130)
calls=1 125 
* 25
-49 1
+55 1
-55 4
+6 4
+55 2
cfi=(24)
cfn=(84)
calls=1 42 
* 3
+3 2
+3 9

fn=(258)
221 8
+6 3
+3 2
+36 3
+2 1
-2 1
-2 1
-40 1
-1 1
-1 1
+46 2
+23 3
+3 1
-3 4
+2 2
-2 1
-25 1
+20 1
-20 5
+2 2
+3 1
-1 1
+5 2
-5 1
+1 1
-1 1
+3 2
+2 3
+32 3
-1 1
+1 4
+2 2
-2 2
+53 8

fn=(234)
131 2
+3 1
+13 1
-13 1
+52 1
+2 1
+3 1
+1 2

fn=(146)
197 1
+2 2
+1 1
+15 2

fn=(256)
97 2
+4 1
-4 2
+4 1
-4 2
+4 3
cfi=(10)
cfn=(24)
calls=1 402 
* 21
* 1
+1 4
cfi=(10)
cfn=(24)
calls=1 402 
* 21
* 1
+8 1
-8 1
+6 2
+2 3
+3 1
+2 1
-32 3
+34 3
+1 5

fl=(138)
fn=(450)
77 12
+1 1
+1 1
+3 3
+8 2
+25 1
+1 5
+1 2
-86 4
+86 6
-86 12
+2 20
cfn=(452) call_init.part.0
calls=3 -7 
* 190
+83 12
+7 8
-92 4
+2 6
cfn=(452)
calls=1 -7 
* 61
+52 2

fn=(452)
26 32
+13 4
-13 4
+16 4
-3 8
+3 8
+5 6
+8 9
+1 6
cob=(2)
cfi=(50)
cfn=(454) 0x000000000483f000
calls=1 -56 
* 26
+3 3
+1 6
+6 2
+2 2
-2 1
+3 7
+1 4
cob=(3)
cfi=(143)
cfn=(480)
calls=1 +13 
* 12
* 4
cob=(3)
cfi=(140)
cfn=(472)
calls=1 -24 
* 71
-1 6
+3 24
-29 2

fl=(55)
fn=(178)
25 2
+1 8
+1 2

fl=(57)
fn=(188)
29 6
+1 6
+5 9
cfi=(58)
cfn=(190)
calls=3 153 
* 24

fl=(12)
fn=(244) dfs_traversal.part.0
140 64
+8 8
-2 8
+2 16
+2 20
+3 20
-3 40
+9 16
+15 24
+1 8
+1 48
-17 12

fn=(242)
288 20
+8 2
-8 2
+8 4
+4 16
-79 4
-37 2
+37 2
-36 8
+1 2
-1 2
+1 2
-1 4
+1 6
-1 6
+1 6
-1 12
+36 30
+8 6
-3 2
+2 2
+1 2
-8 2
+5 2
+3 8
+2 18
+2 8
-90 40
cfn=(244)
calls=8 -3 
* 284
+93 16
+18 4
+13 2
+33 2
-26 8
cfi=(29)
cfn=(80)
calls=2 -62 
* 22
* 2

fn=(22)
279 2
+1 4
cfi=(10)
cfn=(24)
calls=1 402 
* 20
+2 3
-1 1
+2 2

fl=(25)
fn=(68)
28 3
+1 3
+3 65
+13 55
-13 110
+2 114
+1 38
+5 2
-3 2
+3 2
+2 2
+7 1

ob=(2)
fl=(50)
fn=(594)
0 1693352
cob=(3)
cfi=(160)
cfn=(544)
calls=846676 3287 
0 156821568

fn=(158)
0 2
cob=(1)
cfi=(51)
cfn=(160)
calls=1 225 
0 2782

fn=(618)
0 1079332
cob=(3)
cfi=(174)
cfn=(620)
calls=539666 199 
0 7021264

fn=(674)
0 1061604
cob=(3)
cfi=(174)
cfn=(622)
calls=530802 212 
0 9652307

fn=(492)
0 7

fn=(542)
0 64
cob=(3)
cfi=(160)
cfn=(544)
calls=32 3287 
0 10799

fn=(652)
0 60
cob=(3)
cfi=(176)
cfn=(654)
calls=30 306 
0 153362769

fn=(702)
0 3916
cob=(3)
cfi=(185)
cfn=(704)
calls=1958 23 
0 41118

fn=(426)
0 38
cob=(1)
cfi=(10)
cfn=(24)
calls=19 402 
0 391
cob=(1)
cfi=(135)
cfn=(432)
calls=1 67 
0 813
0 5

fn=(476)
0 2
cob=(3)
cfi=(142)
cfn=(478)
calls=1 23 
0 25

fn=(596)
0 112398
cob=(3)
cfi=(171)
cfn=(598)
calls=56199 125 
0 13768755

fn=(602)
0 1075710
cob=(3)
cfi=(172)
cfn=(604)
calls=537855 31 
0 71282566

fn=(750)
0 4

fn=(502)
0 2
cob=(1)
cfi=(48)
cfn=(506)
calls=1 117 
0 5
cob=(1)
cfi=(135)
cfn=(432)
calls=1 67 
0 824
0 5

fn=(762)
0 2
cob=(3)
cfi=(193)
cfn=(736)
calls=1 30 
0 72

fn=(162)
0 6
cob=(1)
cfi=(51)
cfn=(164)
calls=3 175 
0 9738

fn=(518)
0 9406686
cob=(3)
cfi=(152)
cfn=(520)
calls=4703343 25 
0 4692232837

fn=(696)
0 1958
cob=(3)
cfi=(183)
cfn=(698)
calls=979 27 
0 693003

fn=(754)
0 3
cob=(4)
cfi=(139)
cfn=(756)
calls=1 0 
0 105
0 2

fn=(676)
0 60
cob=(3)
cfi=(160)
cfn=(630)
calls=30 3352 
0 4390

fn=(454)
0 6
cob=(4)
cfi=(139)
cfn=(458)
calls=1 0 
0 12
0 1
cob=(4)
cfi=(139)
cfn=(466)
calls=1 0 
0 5
0 2

fn=(582)
0 3690918
cob=(3)
cfi=(168)
cfn=(584)
calls=1845459 23 
0 42777148

fn=(628)
0 1636964
cob=(3)
cfi=(160)
cfn=(630)
calls=818482 3352 
0 103120363

fn=(734)
0 2
cob=(3)
cfi=(193)
cfn=(736)
calls=1 30 
0 72

totals: 6005688850
