# callgrind format
version: 1
creator: callgrind-3.18.1
pid: 12875
cmd:  ./shortest_path
part: 1


desc: I1 cache: 
desc: D1 cache: 
desc: LL cache: 

desc: Timerange: Basic block 0 - 1279129306
desc: Trigger: Program termination

positions: line
events: Ir
summary: 6060426465


ob=(4) /usr/libexec/valgrind/vgpreload_core-amd64-linux.so
fl=(139) ???
fn=(458) 0x0000000000001170
0 12

fn=(764) 0x00000000000010e0
0 11
cob=(2) ???
cfi=(50) ???
cfn=(770) 0x000000000483f040
calls=1 0 
0 74
0 10
cfn=(776) 0x0000000000001070
calls=1 0 
0 5
0 5

fn=(776)
0 5

fn=(466) 0x00000000000012f0
0 5

ob=(3) /usr/lib/x86_64-linux-gnu/libc.so.6
fl=(158) ./io/../sysdeps/unix/sysv/linux/fstat64.c
fn=(538) fstat
29 4
+1 4
+5 6
cfi=(159) ./io/../sysdeps/unix/sysv/linux/fstatat64.c
cfn=(540) fstatat
calls=2 153 
* 16

fl=(100) ./string/../sysdeps/x86_64/multiarch/strcasecmp.c
fn=(332) strcasecmp
31 1
fi=(197) ./string/../sysdeps/x86_64/multiarch/ifunc-strcasecmp.h
+1 5
fe=(100)
-1 1

fl=(189) ./stdlib/./stdlib/cxa_thread_atexit_impl.c
fn=(728) __call_tls_dtors
149 4
+1 4
+18 4

fl=(104) ./string/../sysdeps/x86_64/multiarch/strncase_l.c
fn=(342) strncasecmp_l
31 1
fi=(197)
+1 5
fe=(104)
-1 1

fl=(166) ./io/../sysdeps/unix/sysv/linux/read.c
fn=(574) read
25 12254
+1 73524
+1 12254

fl=(168) ./string/../sysdeps/x86_64/multiarch/strcmp-sse2-unaligned.S
fn=(584) __strcmp_sse2_unaligned
23 1845459
+1 1845459
+1 1845459
+1 1845459
+1 1845459
+1 1845459
+1 1845459
+1 1845459
+1 1845459
+1 1845459
+1 1845459
+1 1845459
+1 1845459
+1 1845459
+1 1845459
+1 1845459
+1 1845459
+2 1845459
+1 1845459
+1 1845459
+1 1845459
+1 1845459
+4 87082
+1 87082
+1 87082
+1 87082
+1 87082
+1 87082
+1 87082
+1 87082
+1 87082
+1 87082
+1 87082
+1 87082
+1 87082
+1 87082
+1 87082
+1 87082
+1 87082
+1 87082
+1 87082
+1 87082
+1 87082
+1 87082
+1 87082
+1 87082
+1 87082

fl=(137) ./nptl/../sysdeps/unix/sysv/linux/x86/elision-conf.c
fn=(438) __lll_elision_init
96 2
+5 1
-5 1
+5 1
-5 3
+5 3
cob=(2)
cfi=(50)
cfn=(426) 0x000000000487c650
calls=1 0 
* 22
+2 4
cob=(2)
cfi=(50)
cfn=(426)
calls=1 0 
* 22
+2 4
cob=(2)
cfi=(50)
cfn=(426)
calls=1 0 
* 22
+2 4
cob=(2)
cfi=(50)
cfn=(426)
calls=1 0 
* 22
+2 4
cob=(2)
cfi=(50)
cfn=(426)
calls=1 0 
* 22
+4 3
+1 1
+1 6

fl=(134) ./nptl/./nptl/pthread_mutex_conf.c
fn=(424) __pthread_tunables_init
50 2
+1 2
-1 4
+1 3
cob=(2)
cfi=(50)
cfn=(426)
calls=1 -51 
* 840
+2 4
cob=(2)
cfi=(50)
cfn=(426)
calls=1 -53 
* 23
+2 6

fl=(196) ./posix/../sysdeps/unix/sysv/linux/_exit.c
fn=(798) _Exit
27 2
+3 1
+1 2

fl=(175) ./io/../sysdeps/unix/sysv/linux/write.c
fn=(644) write
25 1199
+1 8393
+1 1199

fl=(153) ./stdio-common/./stdio-common/vfscanf-internal.c
fn=(522) __vfscanf_internal
278 61143459
+10 23516715
+1 4703343
fi=(167) ./stdio-common/../include/scratch_buffer.h
78 4703343
fe=(153)
289 4703343
fi=(167)
77 9406686
fe=(153)
339 4703343
fi=(167)
77 4703343
fe=(153)
339 18813372
+6 14110030
+3 18813372
+4 9406686
+13 4703343
-6 4703343
+8 9406686
-8 4703343
+8 4703343
+5 4703343
-5 4703343
+5 28220058
cfi=(154) ./nptl/./nptl/libc-cleanup.c
cfn=(524) __libc_cleanup_push_defer
calls=4703343 24 
* 47033430
* 14110029
+9 4703343
-4 4703343
+4 14110029
570 4703343
284 4703343
-1 4703343
+10 4703343
-11 4703343
570 9406686
2429 18813372
328 9406686
+4 4703343
-5 4703343
-1 4703343
-1 4703343
-12 4703343
2180 4703343
2429 4703343
2180 23516715
418 11210006
+24 11210006
+1 11210006
+3 2254150
-65 22420008
3015 23516710
222 10308346
+1 10308346
-1 5154173
488 5154173
222 5154173
488 10308346
222 5154173
488 10308346
345 9406684
+3 2
+24 51736773
482 5154173
+22 20616692
+25 5154173
-4 20616692
+7 51541730
+80 10308346
+5 5154173
-1 10308346
+1 10308346
+1 14110029
+3 15462519
+1 41233384
+6 61846143
+3 20614072
-3 10307036
+3 41230760
-3 1308
+3 5232
-3 20616690
+3 6
+1 36079211
+1 25770862
+4 10308344
-4 10308344
cfi=(155) ./libio/./libio/genops.c
cfn=(576) _IO_sputbackc
calls=5154172 +2 
* 97929268
+4 41233376
-9 2618
cfi=(155)
cfn=(526) __uflow
calls=1309 299 
* 213987
* 2622
3025 61143459
cfi=(154)
cfn=(578) __libc_cleanup_pop_restore
calls=4703343 39 
* 37626744
fi=(167)
85 14110029
fe=(153)
3029 9406686
+17 9406684
+6 56440116
442 450830
+6 901660
618 12289122
3031 3
637 11
1398 45472040
+5 13641612
+9 27294592
+3 22736
260 5684
1415 5684
260 17052
+3 17052
1418 39776
+2 17043
-2 3
+2 28429
+11 5684
1733 11368
1431 11368
1733 9094408
+9 4547204
fi=(167)
113 18188816
fe=(153)
1742 9094408
fi=(167)
113 13641612
fe=(153)
1740 236131878
260 74163422
1797 37081711
260 74163422
+3 111245133
1799 148326844
+2 333699559
-68 74145502
+68 8960
-68 17920
+2 83257830
+2 22736020
+67 9094408
206 4547204
1811 9094408
214 9094408
1812 9094408
+28 27283224
cfi=(155)
cfn=(576)
calls=4547204 635 
* 86396876
260 13641612
+3 13641612
1844 9094408
1669 4547204
206 4547204
1862 9094408
1669 9094408
1861 13641612
+1 4547204
cfi=(169) ./stdlib/../stdlib/strtol.c
cfn=(588) __strtol_internal
calls=4547204 97 
* 1100244517
* 4547204
+6 13641612
+3 22736020
+6 4547204
-4 9094408
+4 9094408
+23 9094408
1390 4547204
-1 4547204
+2 4547204
1742 22736020
+59 17920
cfi=(155)
cfn=(526)
calls=8960 299 
* 1451520
* 26880
1435 18171764
+3 18188816
637 606968
1017 3034845
+2 3034845
+2 4855746
+10 1213936
-10 606968
+10 1820904
+71 606968
-81 4248776
+81 606968
-81 1820904
1144 63539758
1031 15882462
1144 7941231
1031 15886426
1144 1982
1031 3964
1144 7336245
-45 15886426
+3 7943213
-1 15886426
+1 15886426
-1 15886426
+43 7928
cfi=(155)
cfn=(526)
calls=1982 299 
* 321084
* 9910
2943 1213936
+40 1820904
+2 1213936
+8 1213936
-10 606968
+8 1213936
1418 6
cfi=(155)
cfn=(526)
calls=3 299 
* 486
* 9
1813 11368
+1 11368
+65 9094408
+17 45472040
2048 3034840
1033 1820904
cfi=(155)
cfn=(576)
calls=606968 635 
* 11532392
+1 606968
1881 9094408
+1 13641612
1023 6
-2 3
+1 1
-3 8497566

fl=(176) ./stdlib/./stdlib/msort.c
fn=(654) qsort
306 378
+1 756
cfn=(656) qsort_r
calls=378 165 
* 198479787

fn=(670) msort_with_tmp.part.0
39 2268
+8 378
-8 378
+8 378
+1 756
-9 378
+11 378
-11 378
+11 378
-11 756
+11 378
-6 1510
cfn=(671) msort_with_tmp.part.0'2
calls=377 -5 
* 87941875
* 2646
cfn=(671)
calls=378 -5 
* 88152729
+12 378
-1 756
+4 378
-3 378
+1 378
+1 378
-1 378
+2 1890
-10 696
+33 1740
cob=(5) /home/anto/Desktop/API_Project/API_Project_Repo/c_code/shortest_path
cfi=(151) /home/anto/Desktop/API_Project/API_Project_Repo/c_code/shortest_path.c
cfn=(696) compare_ascending_level
calls=348 492 
* 5220
* 406360
cob=(5)
cfi=(151)
cfn=(696)
calls=81272 492 
* 1219080
* 163240
+8 2996
+4 2996
-3 2996
+1 2996
-12 5992
+79 20
-1 100
cob=(2)
cfi=(50)
cfn=(674) 0x000000000487c620
calls=20 0 
* 2155
+1 1890
+1 2646
-1 378
cob=(2)
cfi=(50)
cfn=(674)
calls=378 0 
* 408409
-97 60
+2 150
cob=(5)
cfi=(151)
cfn=(692) compare_descending
calls=14 487 
* 182
cob=(5)
cfi=(151)
cfn=(672) compare_ascending
calls=16 482 
* 208
* 1822145
cob=(5)
cfi=(151)
cfn=(692)
calls=163413 487 
* 2124369
cob=(5)
cfi=(151)
cfn=(672)
calls=201016 482 
* 2613208
* 728918
+8 182232
+4 182232
-3 182232
+1 182232
-12 364479
+97 716
-2 716
-91 182227
+10 182227
-9 182227
+1 182227
-6 364469
+22 78624
+10 78624
-9 78624
+1 78624
-6 157591

fn=(671)
39 3141204
+8 523534
-8 523534
+8 523534
+1 1047068
-9 523534
+11 523534
-11 523534
+11 523534
-11 1047068
+11 523534
-6 1472184
cfn=(671)
calls=212558 -5 
* 548753660
* 2598173
cfn=(671)
calls=310221 -5 
* 573439531
+12 310221
-1 620442
+4 310221
-3 310221
+1 310221
+1 310221
-1 310221
+2 1551105
-10 318150
+33 795375
cob=(5)
cfi=(151)
cfn=(696)
calls=159075 492 
* 2386125
* 2780580
cob=(5)
cfi=(151)
cfn=(696)
calls=556116 492 
* 8341740
* 1430382
+8 18915
+4 18915
-3 18915
+1 18915
-12 37830
+79 168388
-1 841940
cob=(2)
cfi=(50)
cfn=(674)
calls=168388 0 
* 2485869
+1 2617670
+1 3664738
-1 523534
cob=(2)
cfi=(50)
cfn=(674)
calls=523534 0 
* 10948284
55 213313
+1 213313
-1 213313
+3 213313
-2 213313
+1 213313
+2 213313
-2 213313
+2 1066565
+21 130356
-18 888810
+2 740675
cob=(5)
cfi=(151)
cfn=(692)
calls=67859 487 
* 882167
cob=(5)
cfi=(151)
cfn=(672)
calls=80276 482 
* 1043588
-2 432648
+2 1081620
cob=(5)
cfi=(151)
cfn=(692)
calls=95567 487 
* 1242371
cob=(5)
cfi=(151)
cfn=(672)
calls=120757 482 
* 1569841
* 19486730
cob=(5)
cfi=(151)
cfn=(692)
calls=1738874 487 
* 22605362
cob=(5)
cfi=(151)
cfn=(672)
calls=2158472 482 
* 28060136
* 8523610
+8 2165940
+4 2165940
-3 2165940
+1 2165940
-12 4498178
+97 710292
-2 710292
-91 2095865
+10 2095865
-9 2095865
+1 2095865
-6 4389891
+22 696276
+10 696276
-9 696276
+1 696276
-6 1549537

fn=(656)
165 6426
+6 756
-5 756
+8 756
+2 1365
-9 105
+9 420
+8 819
+29 1638
+7 273
+1 273
-1 546
+1 273
cob=(2)
cfi=(50)
cfn=(542) 0x000000000487c380
calls=273 0 
* 10119813
+1 273
-1 273
+1 273
+1 819
+13 273
-3 273
+3 273
-2 273
+1 273
+1 273
+2 546
-2 105
-3 105
+3 105
-2 105
+1 105
+1 105
+2 210
+45 756
+1 756
44 2268
cfn=(670)
calls=378 -5 
* 188289931
298 756
cob=(2)
cfi=(50)
cfn=(676) 0x000000000487c370
calls=378 0 
* 39176
+1 4158
186 2
cfi=(177) ./posix/../sysdeps/unix/sysv/linux/x86/sysconf.c
cfn=(658) sysconf
calls=1 32 
* 131
+2 3
+9 5
+5 2
cfi=(177)
cfn=(658)
calls=1 32 
* 55
* 3
+84 756
+2 696
+1 696
+1 696
-3 60

fl=(184) ./stdio-common/./stdio-common/vfprintf-internal.c
fn=(702) __vfprintf_internal
1180 11748
+30 4895
+8 2937
+4 4895
+11 1958
+11 979
fi=(198) ./stdio-common/./stdio-common/printf-parse.h
111 1958
fe=(184)
1244 4895
fi=(198)
111 979
cob=(2)
cfi=(50)
cfn=(704) 0x000000000487c4d0
calls=979 0 
* 22517
fe=(184)
1259 979
fi=(198)
111 979
fe=(184)
1259 2937
239 979
fi=(199) ./stdio-common/../libio/libioP.h
940 979
fe=(184)
1263 979
fi=(199)
942 979
-2 979
fe=(184)
1263 979
fi=(199)
940 1958
+2 1958
+1 1958
fe=(184)
239 3916
cfi=(156) ./libio/./libio/fileops.c
cfn=(606) _IO_file_xsputn@@GLIBC_2.2.5
calls=979 1197 
* 19580
* 1958
127 8811
1263 1958
+4 2937
+4 7832
1532 979
1214 979
+34 979
-8 979
1532 2937
+23 979
-39 979
+39 979
-39 979
+39 1958
1313 14685
+39 979
-51 979
-1 979
-1 979
-1 979
+5 979
1501 979
fi=(198)
88 979
fe=(184)
1352 979
-46 979
-4 979
+50 979
1501 979
1295 979
-1 979
-1 979
-1 979
-1 979
+16 1958
1608 1958
+1 1958
+3 11748
-4 8811
1218 1958
+41 3916
cfi=(154)
cfn=(524)
calls=979 24 
* 9790
+1 12727
-1 1958
1609 1958
cfi=(154)
cfn=(578)
calls=979 39 
* 7832
+2 979
-95 12727
cfi=(186) ./stdio-common/./stdio-common/_itoa.c
cfn=(708) _itoa_word
calls=979 163 
* 134472
* 30349
192 1958
+47 979
fi=(199)
942 2937
+1 1958
fe=(184)
239 3916
cfi=(156)
cfn=(606)
calls=979 1197 
* 60178
* 1958
127 12727
1517 1958
-54 979
+53 1958
+73 979
fi=(198)
111 979
fe=(184)
1583 979
fi=(198)
111 1958
cob=(2)
cfi=(50)
cfn=(704)
calls=979 0 
* 22517
fe=(184)
239 979
fi=(199)
942 979
fe=(184)
1593 979
fi=(198)
111 979
fi=(199)
942 979
fe=(184)
1593 979
fi=(199)
942 979
+1 1958
fe=(184)
239 3916
cfi=(156)
cfn=(606)
calls=979 1197 
* 62656
* 1958
127 12727
1593 1958
+2 2937
-79 19580
192 1958
1392 1958
1516 19580

fl=(146) ./stdlib/./stdlib/cxa_atexit.c
fn=(488) __cxa_atexit
69 9
-28 2
+2 6
+1 2
cfn=(490) __new_exitfn
calls=1 +38 
* 32
+2 2
+10 1
+2 1
-5 3
+3 1
-1 1
+4 2
+1 1
-1 2
+12 6

fn=(490)
82 1
+6 2
-6 4
+11 4
-10 2
+12 4
-2 1
+10 1
-10 3
+45 1
+5 1
-4 1
+4 4
-18 1
-1 1
+1 1

fl=(161) ./malloc/./malloc/arena.c
fn=(548) ptmalloc_init.part.0
313 1
fi=(160) ./malloc/./malloc/malloc.c
3162 3
fe=(161)
313 5
+5 1
fi=(160)
3162 2
cfi=(162) ./stdlib/../sysdeps/unix/sysv/linux/getrandom.c
cfn=(550) getrandom
calls=1 28 
* 9
* 2
fe=(161)
343 2
+4 3
fi=(160)
1966 4
+3 1
-3 1
+3 2
-3 2
+3 126
-3 126
+3 252
-3 252
fe=(161)
352 3
fi=(160)
1977 1
+1 1
+2 1
fe=(161)
352 1
cob=(2)
cfi=(50)
cfn=(426)
calls=1 0 
* 23
+1 4
cob=(2)
cfi=(50)
cfn=(426)
calls=1 0 
* 22
+1 4
cob=(2)
cfi=(50)
cfn=(426)
calls=1 0 
* 23
+1 4
cob=(2)
cfi=(50)
cfn=(426)
calls=1 0 
* 23
+1 4
cob=(2)
cfi=(50)
cfn=(426)
calls=1 0 
* 22
+1 4
cob=(2)
cfi=(50)
cfn=(426)
calls=1 0 
* 23
+1 4
cob=(2)
cfi=(50)
cfn=(426)
calls=1 0 
* 23
+2 4
cob=(2)
cfi=(50)
cfn=(426)
calls=1 0 
* 23
+1 4
cob=(2)
cfi=(50)
cfn=(426)
calls=1 0 
* 23
+1 4
cob=(2)
cfi=(50)
cfn=(426)
calls=1 0 
* 23
+3 4
cob=(2)
cfi=(50)
cfn=(426)
calls=1 0 
* 23
+1 4
cob=(2)
cfi=(50)
cfn=(426)
calls=1 0 
* 23
+1 2
+63 7

fl=(152) ./stdio-common/./stdio-common/isoc99_fscanf.c
fn=(520) __isoc99_fscanf
25 51736773
+4 4703343
+1 9406686
-1 23516715
+1 4703343
cfi=(153)
cfn=(522)
calls=4703343 278 
* 4574649262
+4 23516715

fl=(113) ./string/../sysdeps/x86_64/multiarch/strncpy.c
fn=(362) strncpy
29 1
fi=(97) ./string/../sysdeps/x86_64/multiarch/ifunc-strcpy.h
+7 2
+1 1
-1 2
+14 3
fe=(113)
-21 1

fl=(192) ./nptl/./nptl/pthread_mutex_unlock.c
fn=(734) pthread_mutex_unlock@@GLIBC_2.2.5
367 1
51 3
+1 2
367 1
57 2
+8 1
-3 1
-23 1
+1 2
+30 1
369 2
40 3
+1 2
+33 2
+6 4
+4 3
+3 3

fl=(96) ./string/../sysdeps/x86_64/multiarch/stpncpy.c
fn=(324) stpncpy
31 1
fi=(97)
+5 2
+1 1
-1 2
+14 3
fe=(96)
-19 1

fl=(112) ./string/../sysdeps/x86_64/multiarch/strlen.c
fn=(360) strlen
29 1
fi=(200) ./string/../sysdeps/x86_64/multiarch/ifunc-avx2.h
+4 5
-1 2
fe=(112)
-3 1

fl=(95) ./wcsmbs/../sysdeps/x86_64/multiarch/wcscmp.c
fn=(322) wcscmp
30 1
fi=(201) ./wcsmbs/../sysdeps/x86_64/multiarch/ifunc-avx2.h
+3 5
-1 2
fe=(95)
-2 1

fl=(132) ./resource/../sysdeps/unix/sysv/linux/getrlimit64.c
fn=(420) getrlimit
38 2
+1 7
+1 1

fl=(180) ./misc/../sysdeps/unix/sysv/linux/getsysstats.c
fn=(664) get_phys_pages
302 7
+3 2
cfi=(181) ./misc/../sysdeps/unix/syscall-template.S
cfn=(666) sysinfo
calls=1 120 
* 6
+1 2
-27 1
cfi=(182) ./misc/../sysdeps/unix/sysv/linux/getpagesize.c
cfn=(668) getpagesize
calls=1 27 
* 6
* 1
+2 3
+5 2
+1 3
+2 1
+1 1
-3 2
+2 11
+1 11
-3 22
+20 7

fl=(185) ./string/../sysdeps/x86_64/multiarch/../strchr.S
fn=(706) __strchrnul_sse2
23 1958
+1 1958
+1 1958
+1 1958
+1 1958
+1 1958
+1 1958
+1 1958
+1 1958
+1 1958
+1 1958
+1 1958
+1 1958
+1 1958
+1 1958
+1 1958
+1 1958
+1 1958
+1 1958
+2 1958
+7 1958

fl=(142) ./string/../sysdeps/x86_64/multiarch/../strrchr.S
fn=(478) __strrchr_sse2
23 1
+1 1
+1 1
+1 1
+1 1
+1 1
+1 1
+1 1
+1 1
+1 1
+1 1
+1 1
+1 1
+1 1
+1 1
+1 1
+1 1
+1 1
+1 1
+1 1
+1 1
+1 1
+1 1
+1 1
+1 1

fl=(171) ./string/../sysdeps/x86_64/multiarch/memset-vec-unaligned-erms.S
fn=(598) __memset_sse2_unaligned
125 56199
+1 280995
+6 56199
+1 56199
+1 56199
+1 56199
283 56199
+1 56199
+5 56199
+3 56199
+1 56199
+3 56199
+1 56199
+13 56199
+1 56199
+2 56199
+3 56199
+3 112398
+3 56199
+1 56199
+1 56199
+1 56199
+1 56199
+1 56199
+1 56199
-6 1685970
+1 1685970
+1 1685970
+1 1685970
+1 1685970
+1 1685970
+1 1685970
+3 56199
+1 56199
+1 56199
+1 56199
+5 56199

fl=(81) ./string/../sysdeps/x86_64/multiarch/strnlen.c
fn=(290) strnlen
31 2
fi=(200)
+2 10
-1 4
fe=(81)
-1 2

fl=(101) ./string/../sysdeps/x86_64/multiarch/strcspn.c
fn=(334) strcspn
29 1
fi=(202) ./string/../sysdeps/x86_64/multiarch/ifunc-sse4_2.h
+1 5
fe=(101)
-1 1

fl=(150) ./setjmp/./setjmp/sigjmp.c
fn=(514) __sigjmp_save
28 3
+2 2
-1 1
+5 3

fl=(83) ./string/../sysdeps/x86_64/multiarch/strcmp.c
fn=(294) strcmp
65 2
-24 4
+1 2
-1 4
+15 6
+9 2

fl=(169)
fn=(588)
97 4547204
+1 13641612
cfi=(170) ./stdlib/../stdlib/strtol_l.c
cfn=(590) ____strtol_l_internal
calls=4547204 225 
* 1082055701

fl=(174) ./string/../sysdeps/x86_64/multiarch/memmove-vec-unaligned-erms.S
fn=(620) __mempcpy_sse2_unaligned
199 539666
+1 539666
+1 539666
+1 539666
+17 539666
+1 539666
+2 3
+1 3
+1 3
+2 3
+1 3
+1 3
+4 3
360 539663
+1 539663
+2 1902
+4 1902
+1 1367
+1 1367
+1 1367
+1 1367
+1 248
+1 248
+2 248
+2 248
-2 1119
+2 1119
+6 535
+1 535
+1 535
+1 535
+1 535
+29 537761
+1 537761
+1 537761
+1 537761
+1 537761

fn=(622) memcpy@GLIBC_2.2.5
212 692320
+1 692320
+6 692320
+1 692320
+2 194910
+1 194910
+1 194910
+2 110650
+1 110650
+1 110650
+4 110650
360 497410
+1 497410
+2 236462
+4 236462
+16 236462
+1 236462
+1 236462
+1 236462
+1 236462
+29 260948
+1 260948
+1 260948
+1 260948
+1 260948
+7 39144
+1 39144
+1 39144
+1 39144
+1 39144
+1 39144
+1 39144
+11 84260
+1 84260
+2 61099
+1 61099
+1 61099
+2 21955
+1 21955
+1 21955
+1 21955
+1 21955
+1 21955
+1 21955
+1 21955
+1 21955
+1 21955
+1 21955
+1 21955
+1 21955
+1 21955
+1 21955
+4 23161
+1 23161
+4 23161
+2 23161
+4 23161
+1 23161
+11 23161
+3 23161
+2 23161
+2 23161
+4 23161
+1 23161
+9 21722
+1 21722
+2 21722
+2 21722
+1 21722
+1 21722
+3 21722
+2 21722
+2 21722
+2 43444
+6 21722
+1 21722
+1 21722
+1 21722
+1 21722
+1 21722
+1 21722
+1 21722
+1 21722
+1 21722
+1 21722
+1 21722
-11 219819
+1 219819
+1 219819
+1 219819
+1 219819
+1 219819
+1 219819
+1 219819
+1 219819
+1 219819
+1 219819
+1 219819
+2 21722
+1 21722
+1 21722
+1 21722
+2 21722
+4 21722
+13 1439
+1 1439
+2 1439
+1 1439
+1 1439
+2 1439
+2 1439
+2 2878
+6 1439
+1 1439
+1 1439
+1 1439
+1 1439
+1 1439
+1 1439
+1 1439
+1 1439
+1 1439
+1 1439
+1 1439
-11 14081
+1 14081
+1 14081
+1 14081
+1 14081
+1 14081
+1 14081
+1 14081
+1 14081
+1 14081
+1 14081
+1 14081
+2 1439
+1 1439
+1 1439
+1 1439
+2 1439
+1 1439

fl=(98) ./wcsmbs/../sysdeps/x86_64/multiarch/wmemchr.c
fn=(328) wmemchr
31 2
fi=(203) ./wcsmbs/../sysdeps/x86_64/multiarch/ifunc-evex.h
+4 10
-1 4
fe=(98)
-3 2

fl=(102) ./wcsmbs/../sysdeps/x86_64/multiarch/wcscpy.c
fn=(336) wcscpy
43 1
-6 5
+6 1

fl=(110) ./string/../sysdeps/x86_64/multiarch/strcpy.c
fn=(354) strcpy
29 1
fi=(97)
+7 2
+1 1
-1 2
+14 3
fe=(110)
-21 1

fl=(193) ./stdlib/./stdlib/cxa_finalize.c
fn=(744) __cxa_finalize
30 4
+3 4
-3 14
+3 8
+3 6
+4 12
-4 6
+58 8
+4 12
-4 6
+11 4
+1 4
cfi=(194) ./posix/./posix/register-atfork.c
cfn=(746) __unregister_atfork
calls=2 -30 
* 32
+1 8
+1 16

fl=(114) ./wcsmbs/../sysdeps/x86_64/multiarch/wmemcmp.c
fn=(366) wmemcmp
29 1
fi=(115) ./wcsmbs/../sysdeps/x86_64/multiarch/ifunc-memcmp.h
+5 2
+1 1
-1 2
+16 3
fe=(114)
-21 1

fl=(147) ./csu/../sysdeps/nptl/libc_start_call_main.h
fn=(508) (below main)
29 4
+15 1
-15 5
+15 1
cfi=(148) ./setjmp/../sysdeps/x86_64/bsd-_setjmp.S
cfn=(510) _setjmp
calls=1 -16 
* 34
* 1
+2 2
+5 2
+1 2
+3 2
+3 6
cob=(5)
cfi=(151)
cfn=(516) main
calls=1 +2 
* 6060274557
* 1
+16 1
cfi=(188) ./stdlib/./stdlib/exit.c
cfn=(724) exit
calls=1 +68 
* 1642

fl=(118) ./string/../sysdeps/x86_64/multiarch/strspn.c
fn=(376) strspn
29 1
fi=(202)
+1 5
fe=(118)
-1 1

fl=(181)
fn=(666)
120 5
+2 1

fn=(722) munmap
117 10
+5 2

fl=(157) ./libio/./libio/filedoalloc.c
fn=(534) _IO_file_doallocate
78 18
+6 8
fi=(173) ./libio/./libio/libioP.h
940 6
+2 4
+1 4
fe=(157)
84 6
cfi=(156)
cfn=(536) _IO_file_stat
calls=2 1146 
* 36
* 4
+2 8
+11 8
+4 4
cob=(2)
cfi=(50)
cfn=(542)
calls=2 0 
* 1991
* 2
+1 4
+2 8
cfi=(155)
cfn=(568) _IO_setb
calls=2 329 
* 48
+1 2
+1 16

fl=(164) ./misc/./misc/sbrk.c
fn=(564) sbrk
37 862
+6 431
-6 431
+3 431
-3 862
+3 431
+3 431
+20 10
+15 360
-20 862
+1 2
cfi=(165) ./misc/../sysdeps/unix/sysv/linux/brk.c
cfn=(566) brk
calls=1 -24 
* 9
* 2
+4 1
-1 862
+4 1684
+8 421
cfi=(165)
cfn=(566)
calls=421 -39 
* 4507
* 842
-14 359
+18 1795

fl=(170)
fn=(590)
225 13641612
+54 4547204
-54 18188816
+19 4547204
-19 13641612
+14 4547204
-14 4547204
+26 9094408
+31 18188816
+9 27283224
+2 9094408
+5 9094408
-1 4547204
+6 9094408
+4 9094408
+10 9083040
+10 18166080
-82 9083040
377 4541520
+56 18166080
309 4547204
449 4547204
+10 13641612
-10 4547204
+10 4547204
+12 9094408
-5 37087395
+5 37087395
+1 111262185
-41 74174790
+2 139255172
+2 111262185
+28 111262185
+3 74174790
+11 9094408
+5 13641612
+1 4547204
+5 9094408
324 9083040
491 13641612
-2 9094408
+17 22736020
+18 36377632
309 11368
+15 11368
+3 17052
-82 5684
377 5684
-50 11368

fl=(121) ./string/../sysdeps/x86_64/multiarch/rawmemchr.c
fn=(384) rawmemchr
31 1
fi=(204) ./string/../sysdeps/x86_64/multiarch/ifunc-evex.h
+4 5
-1 2
fe=(121)
-3 1

fl=(156)
fn=(642) _IO_file_write@@GLIBC_2.2.5
1173 8393
+2 7194
+5 1199
cfi=(175)
cfn=(644)
calls=1199 25 
* 10791
+1 2398
+5 1199
+1 1199
-12 2398
+4 3597
+1 2398
+10 3597
+3 7194
-4 3597

fn=(796) _IO_file_sync@@GLIBC_2.2.5
792 10
+5 8
+2 2
+1 4
+11 4
+4 8

fn=(536)
1146 2
+1 4
cfi=(158)
cfn=(538)
calls=2 29 
* 30

fn=(610) _IO_do_write@@GLIBC_2.2.5
423 1200
+2 3600
+1 1
-3 1199
fi=(173)
940 1199
fe=(156)
423 2398
fi=(173)
940 1199
fe=(156)
423 1199
fi=(173)
940 2398
fe=(156)
423 5995
+20 1199
-10 2398
+7 4796
fi=(173)
942 2398
+1 2398
fe=(156)
448 4796
cfn=(642)
calls=1199 1173 
* 55154
* 1199
+1 5995
+2 1199
+4 2398
-3 2398
-1 2398
+4 3597
-2 1199
-28 4796
+1 9592
+28 3597

fn=(572) _IO_file_read
1130 12254
+1 12254
+2 12254
-1 12254
+1 24508
cfi=(166)
cfn=(574)
calls=12254 25 
* 98032

fn=(792) _IO_file_setbuf@@GLIBC_2.2.5
381 6
+1 2
cfi=(155)
cfn=(794) _IO_default_setbuf
calls=2 +70 
* 138
* 4
+3 2
+4 4
-2 6
+3 4

fn=(530) _IO_file_underflow@@GLIBC_2.2.5
461 12254
+4 36762
-4 98032
+7 24508
+6 36762
+3 24508
+12 24506
+9 24508
fi=(173)
940 12254
+2 12254
-2 12254
fe=(156)
505 24508
cfi=(155)
cfn=(570) _IO_switch_to_get_mode
calls=12254 164 
* 306350
+6 12254
+5 12254
-5 12254
fi=(173)
942 24508
fe=(156)
511 12254
fi=(173)
942 12254
fe=(156)
511 36762
fi=(173)
943 24508
fe=(156)
516 49016
cfn=(572)
calls=12254 1130 
* 171556
+2 24508
+16 12253
-9 12253
+9 24506
+2 24506
+1 98024
-6 1
-10 5
+11 1
-11 2
+16 8
-57 3
+5 2
cfi=(155)
cfn=(532) _IO_doallocbuf
calls=1 343 
* 1923
+4 4

fn=(608) _IO_file_overflow@@GLIBC_2.2.5
731 6000
+1 4800
+7 5998
+37 1199
-2 2400
-32 2
+12 2
+9 3
+5 3
+2 2
-3 2
+3 1
+1 1
-6 1
+1 1
+5 4
+16 1200
-12 1200
+1 1200
+11 2400
-12 1200
cfn=(610)
calls=1200 423 
* 131895
-31 2
cfi=(155)
cfn=(532)
calls=1 343 
* 306
+1 1
+9 1
-9 5

fn=(606)
1197 2703960
+7 540792
-7 1622376
+6 2161210
+9 1079626
-2 2159252
+17 1619439
+1 539666
+3 1618998
+2 539666
+2 539666
+2 1079332
-2 539666
+1 539666
+1 539666
-2 539666
cob=(2)
cfi=(50)
cfn=(618) 0x000000000487c3e0
calls=539666 0 
* 8100657
* 539666
+4 1079332
+28 4867128
-36 147
+12 147
fi=(173)
940 441
+2 294
+1 294
fe=(156)
1243 1052
fi=(173)
940 3156
+2 2104
+1 2104
fe=(156)
1243 3597
cfn=(608)
calls=1199 731 
* 159696
* 2398
+6 2398
+1 8393
+2 2398
+11 3597
+1 4796
cfi=(155)
cfn=(612) _IO_default_xsputn
calls=1199 371 
* 87675
+2 3597

fl=(183) ./stdio-common/./stdio-common/fprintf.c
fn=(700) fprintf
27 10769
+4 979
+1 1958
-1 4895
+1 979
cfi=(184)
cfn=(702)
calls=979 1180 
* 668486
+4 4895

fl=(79) ./string/../sysdeps/x86/cacheinfo.c
fn=(286) __x86_cacheinfo
86 1
fi=(80) ./string/../sysdeps/x86/cacheinfo.h
-25 1
+3 3
+2 1
+1 1
-1 2
+7 3
+2 1
+1 1
-1 2
+5 2
+2 2
+1 2
+1 2
+2 2
fe=(79)
* 2

fl=(172) ./libio/./libio/iofwrite.c
fn=(604) fwrite
31 2689275
+1 537855
-1 537855
+1 537855
-1 1075710
+4 1075710
+2 9143535
+1 1613566
+1 1
fi=(173)
940 3
+2 2
+1 2
fe=(172)
39 537854
fi=(173)
940 1613562
+2 1075708
+1 1075708
fe=(172)
39 2151420
cfi=(156)
cfn=(606)
calls=537855 1197 
* 33095300
+6 537855
-6 537855
+6 537855
fi=(173)
883 1075710
+1 4302840
fe=(172)
45 1075710
+1 537855
+3 4840695
-11 1075708

fl=(120) ./string/../sysdeps/x86_64/multiarch/strncase.c
fn=(382) strncasecmp
31 1
fi=(197)
+1 5
fe=(120)
-1 1

fl=(94) ./string/../sysdeps/x86_64/multiarch/memmove.c
fn=(318) memmove
29 2
fi=(90) ./string/../sysdeps/x86_64/multiarch/ifunc-memmove.h
+24 6
-1 4
+4 6
+14 4
+27 4
+1 4
+2 10
fe=(94)

fl=(93) ./string/../sysdeps/x86_64/multiarch/strrchr.c
fn=(316) rindex
28 1
fi=(200)
+5 5
-1 2
fe=(93)
-4 1

fl=(111) ./string/../sysdeps/x86_64/multiarch/strcasecmp_l.c
fn=(358) strcasecmp_l
31 1
fi=(197)
+1 5
fe=(111)
-1 1

fl=(148)
fn=(510)
28 1
+2 1
+2 1
cfi=(149) ./setjmp/../sysdeps/x86_64/setjmp.S
cfn=(512) __sigsetjmp
calls=1 -2 
* 31

fl=(116) ./string/../sysdeps/x86_64/multiarch/stpcpy.c
fn=(370) stpcpy
33 1
fi=(97)
+3 2
+1 1
-1 2
+14 3
fe=(116)
-17 1

fl=(162)
fn=(550)
28 1
+1 7
+1 1

fl=(105) ./string/../sysdeps/x86_64/multiarch/memcmp.c
fn=(344) bcmp
29 1
fi=(106) ./string/../sysdeps/x86_64/multiarch/ifunc-memcmp.h
+5 2
+1 1
-1 2
+16 3
fe=(105)
-21 1

fl=(99) ./string/../sysdeps/x86_64/multiarch/strncmp.c
fn=(330) strncmp
66 1
-25 4
+15 4
+1 2
+9 1

fl=(145) ./csu/../csu/libc-start.c
fn=(486) __libc_start_main@@GLIBC_2.34
242 12
343 3
+1 3
cfi=(146)
cfn=(488)
calls=1 69 
* 71
+25 6
+6 2
-3 2
+10 2
cob=(2)
cfi=(50)
cfn=(502) 0x000000000487c6d0
calls=1 0 
* 836
+2 2
+8 4
cfi=(147)
cfn=(508)
calls=1 29 
* 6060276261
128 2
+6 3
+1 6
cob=(2)
cfi=(50)
cfn=(492) 0x0000000000109000
calls=1 0 
* 7
* 1
+3 1
+1 2
+3 2
+1 2
-1 1
+2 7
+1 4
cob=(5)
cfi=(144) ???
cfn=(496) 0x0000000000001240
calls=1 0 
* 12
-1 4

fl=(191) ./nptl/./nptl/pthread_mutex_lock.c
fn=(732) pthread_mutex_lock@@GLIBC_2.2.5
77 1
+3 3
+2 1
+2 2
-7 2
+11 2
+79 1
+3 1
+2 1
+3 1
+2 1
+1 3
-81 2
+11 4
+4 1
+3 2
-71 1
+1 8
+1 1
+84 3
+1 2

fl=(86) ./string/../sysdeps/x86_64/multiarch/memset.c
fn=(300) memset
29 2
fi=(87) ./string/../sysdeps/x86_64/multiarch/ifunc-memset.h
+21 10
+3 6
+7 4
+9 4
+29 8
fe=(86)
-69 2

fl=(131) ./ctype/./ctype/ctype-info.c
fn=(418) __ctype_init
29 1
+2 7
+2 4
+2 4
+1 1

fl=(165)
fn=(566)
35 422
+1 1688
+1 844
+6 63
+1 63
-5 718
+1 718

fl=(84) ./wcsmbs/../sysdeps/x86_64/multiarch/wcsnlen.c
fn=(296) wcsnlen
29 1
fi=(85) ./wcsmbs/../sysdeps/x86_64/multiarch/ifunc-wcslen.h
+5 4
-1 2
+15 4
fe=(84)
-19 1

fl=(109) ./string/../sysdeps/x86_64/multiarch/strchrnul.c
fn=(352) strchrnul
31 1
fi=(200)
+2 5
-1 2
fe=(109)
-1 1

fl=(92) ./string/../sysdeps/x86_64/multiarch/strchr.c
fn=(314) index
61 1
-20 2
+1 1
-1 2
-1 2
+15 4
+6 1

fl=(103) ./string/../sysdeps/x86_64/multiarch/strcat.c
fn=(338) strcat
29 1
fi=(97)
+7 2
+1 1
-1 2
+14 3
fe=(103)
-21 1

fl=(117) ./string/../sysdeps/x86_64/multiarch/memchr.c
fn=(374) memchr
29 1
fi=(204)
+6 5
-1 2
fe=(117)
-5 1

fl=(108) ./string/../sysdeps/x86_64/multiarch/memrchr.c
fn=(350) memrchr
29 1
fi=(200)
+4 5
-1 2
fe=(108)
-3 1

fl=(155)
fn=(612)
371 1199
+3 2398
-3 9592
fi=(173)
940 1199
fe=(155)
371 1199
fi=(173)
940 1199
fe=(155)
371 1199
fi=(173)
940 1199
fe=(155)
371 2398
+18 2398
+8 1199
+2 2398
-20 4796
+2 3597
+3 2398
+20 1199
-29 1199
+29 8393
-11 10210
+1 322
-1 322
+1 34
-1 34
+1 12
-1 12
+1 6
-1 6
+1 6
-1 6
+1 2
-1 2
+1 6032
-1 2855
+1 1780
-1 2670
+1 5326
-1 8879

fn=(532)
343 2
+1 4
-1 6
+3 8
+1 2
fi=(173)
940 6
+2 4
+1 4
fe=(155)
347 4
cfi=(157)
cfn=(534)
calls=2 78 
* 2177
* 4
+3 8

fn=(568)
329 18
+1 8
+5 4
-3 2
+3 8
+3 8

fn=(570)
164 61270
+1 36762
+3 36762
+4 24508
+1 24508
+7 12254
-4 12254
+4 12254
-2 24508
+3 12254
+1 49016

fn=(528) _IO_default_uflow
361 24508
fi=(173)
940 24508
fe=(155)
361 12254
fi=(173)
940 12254
fe=(155)
361 24508
+1 12254
fi=(173)
942 24508
+1 24508
fe=(155)
362 24508
cfi=(156)
cfn=(530)
calls=12254 +99 
* 1215079
+1 24508
+2 49012
+1 49016

fn=(786) _IO_flush_all_lockp
686 12
+5 6
cfi=(154)
cfn=(524)
calls=1 24 
* 10
+1 9
+3 1
-8 1
+5 2
+3 2
fi=(173)
940 4
fe=(155)
706 1
fi=(173)
942 2
+1 2
fe=(155)
706 3
cfi=(156)
cfn=(608)
calls=1 +25 
* 133
+1 3
+2 6
+2 3
-16 9
+2 3
+1 6
+3 20
+14 9
+1 2
cfi=(154)
cfn=(578)
calls=1 39 
* 8
+4 12

fn=(794)
452 4
fi=(173)
940 2
fe=(155)
452 4
fi=(173)
940 2
fe=(155)
452 2
fi=(173)
940 2
fe=(155)
452 8
+1 2
fi=(173)
942 4
+1 4
fe=(155)
453 4
cfi=(156)
cfn=(796)
calls=2 792 
* 36
* 4
+4 2
330 2
462 2
-7 4
332 4
+5 2
-5 2
+5 2
467 2
332 2
466 8
+2 12
-11 2
+1 4
-1 2
330 8

fn=(576)
635 51541720
+3 30925032
+1 20616688
+9 10308344
+3 41233376
-10 20616688
+1 10308344
+5 10308344

fn=(526)
299 61270
+1 36762
+5 36762
+3 12254
173 12254
308 24508
+2 24508
+6 24508
+7 12254
fi=(173)
940 36762
+2 24508
+1 24508
fe=(155)
323 12254
+1 12254
-1 12254
+1 24508
-1 12254
cfn=(528)
calls=12254 +38 
* 1521425
-23 24508
+21 36762

fn=(784) _IO_cleanup
863 2
+3 1
-3 9
-77 1
+80 1
cfn=(786)
calls=1 686 
* 269
-80 2
+80 1
-80 3
cfi=(154)
cfn=(524)
calls=1 24 
* 10
+1 9
+3 1
-3 2
+3 2
fi=(173)
940 4
fe=(155)
838 3
-48 9
+9 9
+2 6
+6 26
+8 10
+9 2
fi=(173)
942 4
+1 4
fe=(155)
824 8
cfi=(156)
cfn=(792)
calls=2 381 
* 166
+2 6
+4 10
+1 16
+11 9
+1 2
cfi=(154)
cfn=(578)
calls=1 39 
* 8
+35 12
-59 2
-2 2
+3 2
-3 2
+2 6

fl=(186)
fn=(708)
163 1958
+3 3916
+2 1958
+9 124682
+9 1958

fl=(91) ./wcsmbs/../sysdeps/x86_64/multiarch/wcschr.c
fn=(312) wcschr
31 2
fi=(201)
+2 10
-1 4
fe=(91)
-1 2

fl=(154)
fn=(578)
39 4704324
+3 9408648
+2 9408648
+1 9408648
+2 4704324

fn=(524)
24 4704324
+3 9408648
+3 18817296
+1 4704324
+2 4704324
+1 4704324

fl=(177)
fn=(658)
32 20
+1 6
fi=(178) ./posix/../sysdeps/unix/sysv/linux/x86/../sysconf.c
+16 16
fi=(179) ./posix/../sysdeps/posix/sysconf.c
+7 18
fi=(178)
-7 4
fe=(177)
-12 9
fi=(179)
+19 7
217 1
cfi=(182)
cfn=(668)
calls=1 27 
* 6
* 2
632 3
fe=(177)
37 5
fi=(179)
632 1
cfi=(180)
cfn=(664)
calls=1 302 
* 88
fe=(177)

fl=(182)
fn=(668)
27 2
+1 8
+2 2

fl=(119) ./string/../sysdeps/x86_64/multiarch/mempcpy.c
fn=(378) mempcpy
33 1
fi=(90)
+20 3
-1 2
+4 3
+14 2
+27 2
+1 2
+2 5
fe=(119)

fl=(188)
fn=(726) __run_exit_handlers
40 11
+5 2
+3 5
+50 1
-42 1
+2 3
+8 6
+2 1
+3 1
-3 1
+3 6
+34 1
+1 1
+1 1
-2 1
+7 1
-3 2
+3 3
+1 3
cob=(1) /usr/lib/x86_64-linux-gnu/ld-linux-x86-64.so.2
cfi=(190) ./elf/./elf/dl-fini.c
cfn=(730) _dl_fini
calls=1 -82 
* 897
+1 4
+10 2
+1 2
-63 1
+69 4
+2 2
+1 6
cfi=(155)
cfn=(784)
calls=1 863 
* 641
* 3
+2 2
cfi=(196)
cfn=(798)
calls=1 27 
* 5
-90 1
cfi=(189)
cfn=(728)
calls=1 149 
* 12
* 1

fn=(724)
142 3
+1 3
-1 1
+1 1
cfn=(726)
calls=1 40 
* 1634

fl=(82) ./string/../sysdeps/x86_64/multiarch/strpbrk.c
fn=(292) strpbrk
29 1
fi=(202)
+1 5
fe=(82)
-1 1

fl=(107) ./wcsmbs/../sysdeps/x86_64/multiarch/wmemset.c
fn=(348) wmemset
31 2
fi=(205) ./wcsmbs/../sysdeps/x86_64/multiarch/ifunc-wmemset.h
+2 10
fe=(107)
-2 2

fl=(141) ./misc/./misc/init-misc.c
fn=(474) __init_misc
30 1
+1 2
-1 4
+1 3
+2 3
cob=(2)
cfi=(50)
cfn=(476) 0x000000000487c5f0
calls=1 -33 
* 27
+4 5
+1 3
+2 4

fl=(194)
fn=(746)
76 4
+1 2
-1 2
+1 6
fi=(195) ./posix/../malloc/dynarray-skeleton.c
243 2
fe=(194)
65 4
+38 8
+1 4

fl=(89) ./string/../sysdeps/x86_64/multiarch/memcpy.c
fn=(308) memcpy@@GLIBC_2.14
29 1
fi=(90)
+24 3
-1 2
+4 3
+14 2
+27 2
+1 2
+2 5
fe=(89)

fl=(143) ./libio/./libio/vtables.c
fn=(480) check_stdfiles_vtables
83 1
+1 4
+1 3
+1 3
+2 1

fl=(160)
fn=(630) free
3352 808206
+4 1616412
-4 808101
+14 808101
-14 1616202
+12 808101
+4 808101
-4 808101
+4 1616202
+17 2424297
fi=(161)
162 2424297
fe=(160)
3391 1616198
cfn=(634) _int_free
calls=808099 4421 
* 83578498
+3 808099
+1 3232396
-23 6
+2 8
+2 2
+1 2
-1 2
+1 2
+1 2
+3 4
cfn=(720) munmap_chunk
calls=2 3044 
* 70
+13 2
+1 113

fn=(638) unlink_chunk.constprop.0
1626 629535
+2 3147675
+3 1259070
+1 629535
-1 1888605
+3 2518140
+3 629535
+1 629535
+1 1637784
+2 11710
+1 35130
+3 11710
+14 5829
+1 11658
+3 1259070
-16 52
+4 22
+2 44
+1 66
-6 8

fn=(712) sysmalloc_mmap_fallback.constprop.0
2508 2513
+4 359
-4 718
+7 718
+1 5
+3 718
+5 359
-1 718
+3 2872
cfi=(187) ./misc/../sysdeps/unix/sysv/linux/mmap64.c
cfn=(714) mmap
calls=359 47 
* 3231
* 359
+3 718
+4 718
+7 359
+2 359
+2 2513
2028 1436

fn=(716) systrim.constprop.0
2986 16
-9 48
+9 32
+2 16
+1 32
+5 16
+1 16
-1 32
+4 80
+2 32
-10 16
+50 64
-33 18
cfi=(163) ./malloc/./malloc/morecore.c
cfn=(562) __glibc_morecore
calls=9 25 
* 252
* 9
+1 36

fn=(554) tcache_init.part.0
3235 3
+9 8
+1 3
cfn=(556) _int_malloc
calls=1 1343 
* 367
* 1
+1 2
+8 4
+7 2
+2 1
+1 2
-1 1
+1 86
+3 4

fn=(558) sysmalloc
2548 3807
+20 1692
+11 846
+1 1267
+26 421
+1 1263
+1 421
+9 3364
+6 1263
+3 1263
2941 842
+1 421
+5 842
+3 842
+5 842
-2 421
+2 421
-1 421
+1 421
-3 421
+3 421
+1 421
-1 1263
+1 421
+2 842
2581 6
+4 6
+9 8
cfn=(718) sysmalloc_mmap.constprop.0
calls=2 2420 
* 124
+1 4
2964 4653
2687 842
+9 1684
+13 1263
+8 2105
+8 842
+21 1436
+6 2513
cfn=(712)
calls=359 2508 
* 18673
+2 718
-2 359
+2 359
+4 359
+14 1077
-10 718
+2 842
+2 1263
+6 1674
+1 61
2946 61
2773 183
+2 720
+92 718
-65 359
+84 718
+10 360
-1 360
+1 1080
+1 360
+11 720
+7 718
+1 1077
+8 359
+2 359
+5 718
+2 1372
cfn=(634)
calls=343 4421 
* 34712
* 343
+8 343
+5 686
fi=(161)
565 421
fe=(160)
2727 421
cfi=(163)
cfn=(562)
calls=421 25 
* 19553
+1 842
-1 421
+1 421
2028 62
2729 62
2028 62
2729 62
2028 124
2730 421
+3 842
+33 124
2610 124
2775 2
+40 3
+22 1
+1 1
-1 1
+1 6
+2 2
+1 3
cfi=(163)
cfn=(562)
calls=1 25 
* 28
+12 2
-12 1
+12 1
2028 4
2897 4
2765 2
-36 718
-16 3

fn=(720)
3044 2
+2 2
-1 2
+1 2
-1 2
+1 2
+2 4
+4 2
-1 4
+7 2
-8 2
+8 2
-6 2
+7 2
-1 4
+1 8
+3 2
+1 6
+5 2
+1 2
-1 2
cfi=(181)
cfn=(722)
calls=2 117 
* 12

fn=(544) malloc
3287 5017782
+7 1672594
1343 1672592
+19 3345188
3306 3345188
+3 1672592
+10 2010483
+28 3350805
1362 817063
3304 2451189
-63 4
cfn=(554)
calls=1 -6 
* 484
+68 2
+2 2338500
3193 332272
+1 332272
+2 166136
+1 166136
-1 498408
+1 166136
+1 166136
3347 830680
-26 2680644
cfn=(556)
calls=670161 1343 
* 137884536
+1 3350805
fi=(161)
162 1340318
315 1
cfn=(548)
calls=1 -2 
* 1128
fe=(160)
1343 2

fn=(556)
1343 1340324
3771 670162
1362 670162
3771 5361296
1362 1340324
3811 88
+27 88
+66 610258
+2 610258
-2 610258
+2 1220516
+2 363
+1 726
+6 363
-4 363
+1 363
+1 363
+2 726
+7 1452
-1 726
+1 726
3181 363
3927 363
3183 363
3927 363
3181 363
3927 3411
+1 2122
+4 774
+1 774
+1 1548
3181 774
3936 774
3185 774
3937 774
3181 774
+2 3870
-6 774
+9 774
-9 774
+8 774
+1 774
1362 1340236
3811 1340236
4397 1340236
3838 1340236
+63 114388
+62 1818868
+1 170400
+1 580
cfn=(688) malloc_consolidate
calls=290 4715 
* 29182085
* 334
3838 88
1362 44
3843 88
+2 88
+2 6208
-6 3104
+9 3104
+1 3104
-1 6208
+1 15520
+5 6208
+1 6208
+7 3104
-1 6208
+1 15520
+5 3104
+1 3104
3183 3104
3870 3104
+5 59170
3181 23668
+2 11834
+2 11834
-2 23668
+2 11834
-8 11834
+8 11834
3869 11834
+1 64429
+2 23668
+2 11834
+1 11834
-1 23668
-21 1838772
-10 612924
+2 3055440
4399 1219790
3903 609895
4399 7928635
3983 609895
+1 609895
-1 1219790
-1 1219790
+2 1219790
-1 56800
+1 56800
-1 113600
-1 113600
+2 113600
-2 2000082
+12 666694
-6 666694
+73 2666776
-67 2000083
-6 1
+73 4
-67 57
4158 517954
-91 517954
+91 1035908
-91 517954
-74 517954
3181 517954
4067 517954
3181 1035908
4025 1035908
3183 1035908
3997 2071816
+1 517954
+2 1035908
-3 84012
+1 21003
+2 42006
+1 1616871
+2 538957
+1 2155828
+2 2155828
-10 538957
+12 1077914
+1 1077914
+2 1077914
+11 2052230
+31 82423
+1 82423
+4 164846
+29 82118
+2 58316
+1 87474
+1 29158
-1 29158
+57 29158
+2 58316
-2 58316
+2 29158
+7 29158
-9 87474
+9 29158
-7 29158
+1 29158
+1 29158
+6 58316
-10 11901
+2 23802
-2 23802
+2 11901
+7 11901
-9 35703
+9 11901
-7 11901
+1 11901
+1 11901
+6 23802
+2 176
+7 132
3994 27924
2005 91887
4413 6031458
2005 363
3944 363
2005 726
4060 41364
+1 41364
-1 41364
+1 82728
+5 41364
-21 41364
+21 41364
+1 55360
2005 55050
4095 98481
+1 339
+1 113
-1 113
+4 226
-4 35364
+1 11788
-1 11788
+4 23576
+5 7117
-2 14234
+2 21351
+1 14234
+7 421
-1 1684
+2 1263
+52 123045
3994 123045
4183 337656
+2 87828
+3 29276
-3 29276
+3 58552
+1 47684
+67 337574
+1 168787
+1 168787
-1 168787
+1 168787
+1 337574
+1 506361
+5 478499
+16 282201
+2 564402
-4 687390
+8 61494
+3 122988
+2 22946
+1 22946
+1 22946
-2 91784
-27 22946
3181 13839
+2 13839
+2 13839
-4 13839
+2 55356
4071 13839
3184 13839
+1 13839
4071 13839
3963 280
4144 14352
4023 973806
+1 973192
+5 456534
-1 913068
+3 456534
-1 456534
+1 913068
+1 456534
+1 913068
+2 337048
+4 168524
+6 168524
-6 1179668
+2 505572
+1 168524
2005 505572
4039 288010
+6 288010
-6 2016070
+2 864030
+1 288010
2005 864030
4269 432834
+3 574920
-3 410214
+3 448432
-3 210160
+3 315213
+97 130239
+1 260478
+2 260478
+3 391599
+17 1323
+2 36
cfn=(688)
calls=18 4715 
* 1620
+3 18
-1 54
+1 18
-1 18
3904 1182
4118 33480
+3 1593
+1 4779
-3 16578
+6 6696
+6 1881
+2 1881
+2 627
+1 1881
+2 627
+1 1254
-1 6069
+1 12138
-11 12138
4299 115644
+3 77096
+2 38548
+3 77096
-3 38548
+3 77096
cfn=(638)
calls=38548 1626 
* 956924
+3 154192
+15 69150
-5 34575
+5 69150
+1 69150
+3 34575
+1 34575
+1 34575
+3 69150
+1 30476
+1 69150
+2 21466
+3 85864
+2 32199
+1 10733
2005 10733
4347 10733
2005 21466
4341 190736
+2 71526
+1 23842
2005 23842
4347 23842
2005 51657
4347 3973
2005 7946
4272 14020
+2 56080
+1 28040
-1 76
+1 38
-3 38
+41 3973
-1 3973
+1 7946
3193 41478
+1 27652
+2 55304
+1 13826
+1 13826
4174 13826
+18 82
+1 41
+2 30
-2 355
+6 82
+2 28
-1 56
+4 28
+1 84
cfn=(638)
calls=28 1626 
* 817
-1 13
+1 39
cfn=(638)
calls=13 1626 
* 494
-1 41
+4 123
+13 26
-4 13
+4 26
+1 26
+3 13
+1 13
+1 13
+1 26
+2 8
+3 32
+2 12
+1 4
2005 4
4239 4
2005 8
4233 72
+2 27
+1 9
2005 9
4239 9
2005 46
4239 28
2005 56
4380 129798
-2 259596
+2 129798
-1 129798
+6 129798
-5 129798
-3 129798
+3 129798
+2 129798
-2 519192
2005 129798
4382 129798
2005 259596
4407 1692
cfn=(558)
calls=423 2548 
* 137528
* 423
+1 846
2005 1269
4211 28
-1 28
+1 56

fn=(634)
4421 6467536
+10 808442
-10 2425326
+10 1616884
+6 4042210
+1 1616884
+4 3233768
+8 4042210
-1 1616884
+1 1616884
+29 779512
-20 779512
-6 779512
+6 1559024
+20 3118048
+14 1309554
+11 2502168
+2 1876626
2012 1876626
4527 625542
+1 625542
+4 1876626
+2 1876626
+4 1251084
+2 2502168
+1 625542
+19 2497546
4702 8892862
4569 58470
+3 29235
+3 87705
+7 29235
-4 29235
+4 58470
+3 58470
+5 87705
+3 58470
+1 58470
+1 58470
2012 87705
4601 58470
+1 133
+2 133
-1 133
+2 532
+2 266
cfn=(638)
calls=133 1626 
* 3441
+3 58470
+5 58150
+4 28400
+9 28400
-1 28400
+1 85200
+1 56800
-1 675
-1 675
+1 2025
+1 1350
+2 29075
+2 58150
+5 29075
+1 29075
+2 87225
+1 29075
+30 58470
+20 87705
3181 153665
+4 153665
-4 153665
+2 614660
+1 153665
+1 153665
4482 153665
4635 86310
+38 630
+3 420
+2 210
-2 210
-23 160
+1 480
+1 320
-39 675
+1 675
-1 675
cfn=(638)
calls=675 1626 
* 16957
+1 675
-30 12471
-2 8314
+89 104
cfn=(688)
calls=52 +41 
* 17583328
* 52
+4 840
+2 32
cfn=(716)
calls=16 2986 
* 715
* 16

fn=(688)
4715 360
+17 360
-17 1440
+28 360
-28 1080
+15 360
+2 360
+13 720
+1 720
-1 6480
+1 6480
+62 10800
+1 2880
-31 1218066
+4 599144
+2 299572
+1 599144
+1 599144
+2 599144
-4 309461
+1 618922
+1 618922
+2 618922
+1 243348
+4 121674
+2 121674
-2 243348
+3 121674
+9 243348
-12 487359
+2 487359
-2 974718
+3 487359
+9 1586928
-56 1220540
+4 1830810
+1 2441080
+8 610270
-3 1220540
+3 610270
-3 610270
+4 610270
-4 610270
+5 610270
-5 610270
+5 1220540
+2 1220540
+1 280677
+2 280677
-1 280677
+2 1122708
+2 1684062
cfn=(638)
calls=280677 1626 
* 6366018
* 1122708
+3 1220540
+25 1237
+1 2474
+1 2474
-23 309461
+1 928383
+16 309461
-16 309461
cfn=(638)
calls=309461 1626 
* 6960062
* 928383

fn=(718)
2420 6
+13 6
+5 4
+3 18
cfi=(187)
cfn=(714)
calls=2 47 
* 18
* 2
+3 4
+4 4
2028 8
2466 6
+19 2
-1 2
+5 2
-4 4
+4 4
+1 8
+3 6
+1 10
+5 10

fl=(140) ./csu/./csu/init-first.c
fn=(472) _init_first
46 4
+5 2
+4 5
+8 1
-2 1
+10 1
-9 1
+1 1
+9 2
-1 1
cfi=(141)
cfn=(474)
calls=1 -41 
* 52

fl=(130) ./elf/./elf/libc_early_init.c
fn=(416) __libc_early_init
33 7
+2 1
cfi=(131)
cfn=(418)
calls=1 -6 
* 17
+3 1
fi=(133) ./elf/../sysdeps/nptl/pthread_early_init.h
-5 2
fe=(130)
+8 1
-3 1
fi=(133)
-5 1
cfi=(132)
cfn=(420)
calls=1 +5 
* 10
* 3
+1 6
+11 1
fi=(206) ./elf/../nptl/nptl-stack.h
+13 3
fi=(133)
-13 1
fi=(206)
+13 2
fi=(133)
-4 1
fi=(206)
+4 2
fi=(133)
-6 1
fi=(206)
+6 1
fi=(133)
-12 1
+6 6
+1 1
+4 1
cfi=(134)
cfn=(424)
calls=1 -7 
* 884
fe=(130)
-10 3
+2 2
-2 1
cfi=(137)
cfn=(438)
calls=1 +49 
* 147

fl=(88) ./wcsmbs/../sysdeps/x86_64/multiarch/wcslen.c
fn=(304) wcslen
29 1
fi=(85)
+5 4
-1 2
+15 4
fe=(88)
-19 1

fl=(163)
fn=(562)
25 431
+1 862
-1 431
+4 431
cfi=(164)
cfn=(564)
calls=431 +8 
* 15595
+1 862
+4 144
-7 359
+7 718

fl=(149)
fn=(512)
30 1
+2 1
+9 1
+1 2
+1 1
+4 1
+1 1
+1 1
+1 1
+1 1
+2 2
+2 1
+1 1
+1 1
+2 2
+2 1
+5 1
+1 1
+17 1
cfi=(150)
cfn=(514)
calls=1 -56 
* 9

fl=(159)
fn=(540)
153 4
-55 4
+70 6
+1 2

fl=(187)
fn=(714)
47 722
+3 722
+8 1444
+2 361

ob=(5)
fl=(144)
fn=(484) (below main)
0 12
cob=(3)
cfi=(145)
cfn=(486)
calls=1 242 
0 6060277258

fn=(752) 0x0000000000001190
0 5

fn=(496)
0 12

fn=(736) 0x0000000000001200
0 9
cob=(2)
cfi=(50)
cfn=(742) 0x00000000001090c0
calls=1 0 
0 74
0 1
cfn=(752)
calls=1 0 
0 5
0 3

fl=(151)
fn=(516)
60 7
+3 1
+1 3034840
cob=(2)
cfi=(50)
cfn=(582) 0x0000000000109120
calls=606968 -64 
* 16008582
* 1213936
+1 115308
cfn=(586) aggiungi_stazione
calls=57654 +17 
* 3664199610
* 57654
+2 2746570
cob=(2)
cfi=(50)
cfn=(582)
calls=549314 -67 
* 13918486
* 1098628
+1 58796
cfn=(626) demolisci_stazione
calls=29398 +63 
* 59535942
* 29398
+2 2599580
cob=(2)
cfi=(50)
cfn=(582)
calls=519916 -70 
* 12477984
* 1039832
+1 839542
cfn=(616) aggiungi_auto
calls=419771 174 
* 854857170
* 419771
+2 500725
cob=(2)
cfi=(50)
cfn=(582)
calls=100145 -73 
* 2403480
* 200290
+1 62058
cfn=(636) rottama_auto
calls=31029 202 
* 94444029
* 31029
+2 345580
cob=(2)
cfi=(50)
cfn=(582)
calls=69116 -76 
* 1659534
* 138232
+1 60
cfn=(646) pianifica_percorso
calls=30 246 
* 891293745
-14 4248783
cob=(2)
cfi=(50)
cfn=(518) 0x00000000001090e0
calls=606969 -63 
* 429481431
* 1213939
+17 5

fn=(586)
82 403578
+5 403578
cob=(2)
cfi=(50)
cfn=(518)
calls=57654 -87 
* 57232741
* 57654
+3 172962
cfn=(592) hash_func
calls=57654 454 
* 1210734
* 288270
+2 57654
+1 31549450
+1 10185
cob=(2)
cfi=(50)
cfn=(602) 0x0000000000109150
calls=1455 -94 
* 195920
* 1455
+4 18925305
-6 12732178
+10 112398
cob=(2)
cfi=(50)
cfn=(594) 0x0000000000109140
calls=56199 0 
* 32103934
* 56199
+2 168597
+1 112398
+1 112398
+1 337194
cob=(2)
cfi=(50)
cfn=(596) 0x0000000000109110
calls=56199 0 
* 13881153
+4 393393
cob=(2)
cfi=(50)
cfn=(518)
calls=56199 0 
* 36263693
* 56199
+2 112398
+1 24516051
cob=(2)
cfi=(50)
cfn=(518)
calls=3502293 0 
* 3346604856
* 3502293
+1 17511465
+1 689535
+3 1379070
+1 1149225
-7 919380
+6 19634688
+1 16362240
-7 13258389
+10 168597
cfn=(592)
calls=56199 454 
* 1180179
* 337194
+1 168597
cfn=(592)
calls=56199 454 
* 1180179
* 280995
+2 168597
+2 393393
cob=(2)
cfi=(50)
cfn=(602)
calls=56199 0 
* 7554799
+1 288270

fn=(686) free_tree
596 150
+3 120
+4 60
+1 234216
cfn=(687) free_tree'2
calls=26024 -8 
* 70380700
-1 130240
+3 120
cob=(2)
cfi=(50)
cfn=(628) 0x00000000001090d0
calls=30 0 
* 5113712
+1 90
cob=(2)
cfi=(50)
cfn=(628)
calls=30 0 
* 3340
+2 90

fn=(687)
596 1802835
+3 1442268
+1 906117
cob=(2)
cfi=(50)
cfn=(628)
calls=302039 0 
* 33825095
+9 302039
-6 117056
+1 3010887
cfn=(687)
calls=334543 -8 
* 1115831859
-1 1906827
+3 234112
cob=(2)
cfi=(50)
cfn=(628)
calls=58528 0 
* 19021341
+1 175584
cob=(2)
cfi=(50)
cfn=(628)
calls=58528 0 
* 6554838
+2 1081701

fn=(592)
454 3822720
+3 14335200
+1 1911360

fn=(646)
246 210
+2 210
cob=(2)
cfi=(50)
cfn=(518)
calls=30 0 
* 53590
* 30
+2 120
+1 96
cfn=(648) pianifica_forwards
calls=16 +7 
* 437935299
+5 16
-2 84
cfn=(690) pianifica_backwards
calls=14 +91 
* 453303910
+2 180

fn=(692)
487 10328635
+2 12394362
+1 4131454

fn=(678) new_treenode
538 1802985
+3 721194
cob=(2)
cfi=(50)
cfn=(594)
calls=360597 0 
* 62552685
* 360597
+2 1081791
+1 721194
+1 721194
+1 721194
+2 360597
+1 721194

fn=(694) mod_bin_search_backwards
573 920082
+5 153347
+1 460041
+3 1226800
+2 17121680
+1 17121690
+1 20463655
+1 2052400
-4 9174160
+7 1226640
+1 1226640
+1 153330
+2 306694

fn=(650) fill_stations_array
460 180
+3 30
+1 30
+3 60
+1 22860
+1 3810
+1 3405748
+1 2916152
+1 364519
+1 364519
+2 1093557
-6 729038
+6 253902
-6 176888
-2 11490
+12 30
+1 60

fn=(684) mod_bin_search_forwards
551 908172
+5 151362
+1 454086
+3 1210926
+2 17019864
+1 17019872
+1 20297584
+1 2069790
-4 9115304
+7 1210744
+1 1210744
+1 151343
+1 302724

fn=(636)
202 217203
+4 217203
cob=(2)
cfi=(50)
cfn=(518)
calls=31029 0 
* 55303970
* 31029
+3 93087
cfn=(592)
calls=31029 454 
* 651609
* 155145
+2 31029
+1 9132110
+1 59010
+1 7512442
+1 140200
+1 252360
+1 140200
+2 140200
+1 573
+1 1146
+1 195559
+1 12950
-2 141977
+5 1719
+3 4011
cob=(2)
cfi=(50)
cfn=(602)
calls=573 0 
* 76782
* 192269
cob=(2)
cfi=(50)
cfn=(602)
calls=27467 0 
* 3695580
+1 28040
+2 1045166
-19 5343850
+22 10255
cob=(2)
cfi=(50)
cfn=(602)
calls=1465 0 
* 197291
+1 1465
+3 5390751
-28 3655892
+32 10668
cob=(2)
cfi=(50)
cfn=(602)
calls=1524 0 
* 206143
+1 155145

fn=(680) queue_add
497 2524179
+4 721194
cob=(2)
cfi=(50)
cfn=(594)
calls=360597 0 
* 66969831
* 360597
+1 721194
+1 1081791
+2 1442388
+1 1185
+1 1185
+6 395
-3 1440808
+1 1080606
+2 1081791

fn=(710) free_queue
611 135
+6 27
+1 111776
+1 167664
+1 167664
cob=(2)
cfi=(50)
cfn=(628)
calls=55888 0 
* 6259450
-3 111830
+5 108

fn=(626)
131 205786
+4 205786
cob=(2)
cfi=(50)
cfn=(518)
calls=29398 0 
* 29178896
* 29398
+3 88194
cfn=(592)
calls=29398 454 
* 617358
* 146990
+2 58796
+1 63
cob=(2)
cfi=(50)
cfn=(602)
calls=9 0 
* 1206
+1 9
+2 146945
+1 2163
cfn=(592)
calls=721 454 
* 15141
* 5047
+1 2163
cob=(2)
cfi=(50)
cfn=(628)
calls=721 0 
* 95905
+1 2163
+1 5047
cob=(2)
cfi=(50)
cfn=(602)
calls=721 0 
* 96614
+1 721
+5 57336
+1 86004
+2 28668
+1 8556980
+1 109136
+1 81852
cob=(2)
cfi=(50)
cfn=(628)
calls=27284 0 
* 3552596
+1 81852
+1 190988
cob=(2)
cfi=(50)
cfn=(602)
calls=27284 0 
* 3669197
+1 27284
+3 3368224
+1 5052336
-10 3425560
+13 9688
cob=(2)
cfi=(50)
cfn=(602)
calls=1384 0 
* 186860
+2 146990

fn=(682) queue_pop
515 1830354
+7 1220936
+1 1828254
+1 1472
+1 1472
cob=(2)
cfi=(50)
cfn=(628)
calls=368 0 
* 40481
+1 2208
+1 736
+3 1217364
+1 913023
+1 1521705
+1 913023
cob=(2)
cfi=(50)
cfn=(628)
calls=304341 0 
* 30882459
+1 304341
+2 610118

fn=(696)
492 3984055
+2 6374488
+1 1593622

fn=(616)
174 2938397
+4 2938397
cob=(2)
cfi=(50)
cfn=(518)
calls=419771 0 
* 747520346
* 419771
+3 1259313
cfn=(592)
calls=419771 454 
* 8815191
* 2098855
+2 419771
+1 10496815
+1 2091375
+1 79485
+2 158970
+1 132475
+2 185465
cob=(2)
cfi=(50)
cfn=(602)
calls=26495 0 
* 3564323
-3 2350680
+1 1958900
+2 2742460
cob=(2)
cfi=(50)
cfn=(602)
calls=391780 0 
* 52712172
* 418275
+4 5043264
-12 4201718
+16 10472
cob=(2)
cfi=(50)
cfn=(602)
calls=1496 0 
* 201425
+1 2098855

fn=(648)
258 144
+3 80
cob=(2)
cfi=(50)
cfn=(594)
calls=16 0 
* 7462
* 16
+1 96
cfn=(650)
calls=16 460 
* 5137352
* 16
+1 128
cob=(2)
cfi=(50)
cfn=(652) 0x00000000001090f0
calls=16 0 
* 84827654
+3 48
+2 64
cfn=(678)
calls=16 538 
* 1184
* 16
+1 96
cfn=(680)
calls=16 497 
* 1328
+7 16
+1 16
+1 756810
cfn=(682)
calls=151362 515 
* 19035362
* 151362
+2 605448
cfn=(592)
calls=151362 454 
* 3178602
* 756810
+1 151362
+1 38226201
-1 77360574
+4 908172
+1 908172
cfn=(684)
calls=151362 551 
* 71122515
* 151362
+2 605448
+2 75
cob=(2)
cfi=(50)
cfn=(594)
calls=15 0 
* 78373
* 15
+1 15
+2 105
+1 15
+2 30
+1 15
+1 4800
+1 600
+1 1800
-3 1230
+6 60
+1 1230
+1 180
cob=(2)
cfi=(50)
cfn=(698) 0x0000000000109130
calls=15 0 
* 10650
* 15
+3 7200
cob=(2)
cfi=(50)
cfn=(698)
calls=600 0 
* 425834
-5 1875
+9 45
cob=(2)
cfi=(50)
cfn=(628)
calls=15 0 
* 2088
+1 45
cob=(2)
cfi=(50)
cfn=(628)
calls=15 0 
* 1916
+1 45
cfn=(686)
calls=15 596 
* 39727359
+1 45
cfn=(710)
calls=15 611 
* 6033080
* 15
+4 454041
+1 94634
+3 283565
+1 340278
cob=(2)
cfi=(50)
cfn=(594)
calls=56713 0 
* 4932133
* 170139
+2 226852
+1 1606368
cfn=(678)
calls=200796 538 
* 34322207
* 200796
+1 602388
+2 2007960
+1 1204776
cfn=(680)
calls=200796 497 
* 39737614
-5 973323
+8 113426
-57 454089
+62 3
cob=(2)
cfi=(50)
cfn=(628)
calls=1 0 
* 134
+1 3
cfn=(686)
calls=1 596 
* 17678
+2 7
cob=(2)
cfi=(50)
cfn=(602)
calls=1 0 
* 134
+1 80

fn=(672)
482 12802685
+2 15363222
+1 5121074

fn=(690)
345 126
+4 70
cob=(2)
cfi=(50)
cfn=(594)
calls=14 0 
* 4374
* 14
+1 84
cfn=(650)
calls=14 460 
* 4205521
* 14
+1 112
cob=(2)
cfi=(50)
cfn=(652)
calls=14 0 
* 68535196
+3 42
+2 56
cfn=(678)
calls=14 538 
* 910
* 14
+1 84
cfn=(680)
calls=14 497 
* 1036
+7 14
+2 70
cob=(2)
cfi=(50)
cfn=(594)
calls=14 0 
* 4570
* 14
+1 14
+2 70
cfn=(682)
calls=14 515 
* 1750
* 768415
cfn=(682)
calls=153683 515 
* 22250834
* 153697
+2 307394
+1 700
+2 2784
cob=(2)
cfi=(50)
cfn=(652)
calls=348 0 
* 45118827
+1 696
+1 1757481
cfn=(680)
calls=159771 497 
* 37687166
-1 640128
+3 348
+1 348
+4 613388
cfn=(592)
calls=153347 +71 
* 3220287
* 766735
+1 153347
+1 37127082
-1 75174246
+4 1993501
+1 12
cfn=(694)
calls=2 573 
* 44
-1 153345
+1 920070
cfn=(694)
calls=153345 573 
* 71607115
* 153347
+2 613388
+2 60
cob=(2)
cfi=(50)
cfn=(594)
calls=12 0 
* 3451
* 12
+1 12
+2 84
+1 12
+2 24
+1 12
+1 2816
+1 352
+1 1056
-3 728
+6 48
+1 728
+1 144
cob=(2)
cfi=(50)
cfn=(698)
calls=12 0 
* 8396
* 12
+3 4224
cob=(2)
cfi=(50)
cfn=(698)
calls=352 0 
* 250039
-5 1116
+9 36
cob=(2)
cfi=(50)
cfn=(628)
calls=12 0 
* 1619
+1 36
cob=(2)
cfi=(50)
cfn=(628)
calls=12 0 
* 1649
+1 36
cob=(2)
cfi=(50)
cfn=(628)
calls=12 0 
* 1534
+1 36
cfn=(686)
calls=12 596 
* 36038956
+1 36
cfn=(710)
calls=12 611 
* 785574
* 12
+4 460005
+4 9225
+1 11070
cob=(2)
cfi=(50)
cfn=(594)
calls=1845 0 
* 504053
* 5535
+2 5535
+1 1278168
cfn=(678)
calls=159771 538 
* 35440324
* 159771
+1 479313
+2 1597710
+2 1118397
+1 159771
-7 644619
+10 5535
-16 151490
-55 151838
+3 2
+73 6
cob=(2)
cfi=(50)
cfn=(628)
calls=2 0 
* 268
+1 6
cob=(2)
cfi=(50)
cfn=(628)
calls=2 0 
* 336
+1 6
cfn=(686)
calls=2 596 
* 78845
+2 14
cob=(2)
cfi=(50)
cfn=(602)
calls=2 0 
* 268
+1 70

ob=(1)
fl=(63) ./io/../sysdeps/unix/sysv/linux/close_nocancel.c
fn=(202) __GI___close_nocancel
25 3
+1 12
+1 3

fl=(19) ./elf/../sysdeps/x86/dl-cacheinfo.h
fn=(52) get_common_cache_info.constprop.0
481 1
+17 1
-17 4
+16 1
-16 1
+15 1
-15 3
+18 1
-1 1
+9 2
+3 3
+11 1
-11 1
-5 1
+21 3
+4 2
681 4
+1 5
+4 2
+9 2
-2 1
+2 2
-1 1
+1 3
535 6
+3 8
+7 2
-7 9
+7 6
+3 26
+14 2
+4 1
+3 1
+1 1
-4 2
+3 3
+6 2
-37 6
+15 2
+4 1
+1 1
-1 2
+18 2
-68 6
+74 4
+8 7
+2 2
+4 3
+2 1
+2 5
-4 1
+16 1
-16 3
+21 2
-21 4
+3 1
+1 4
-4 1
+6 4
+3 2
+5 1
+2 2
+1 1
+1 1
-2 2
+1 1
-19 5
+46 2
+3 3
-23 2
+7 1
+2 2
-16 1
+22 1
-6 2
+1 1
+5 1
+7 2
+2 2

fn=(46) handle_intel.constprop.0
255 24
-5 24
+16 12
-16 72
+13 12
+1 36
-3 24
+11 60
+5 24
+2 12
+1 12
-1 12
+5 48
cfn=(48) intel_check_word.constprop.0
calls=12 123 
* 3852
+2 24
+3 60
cfn=(48)
calls=12 123 
* 1156
+2 24
+3 5
cfn=(48)
calls=1 123 
* 20
+2 2
+3 5
cfn=(48)
calls=1 123 
* 255
+2 2
-35 3
+39 3
+5 96

fn=(48)
123 78
-4 78
+10 104
-10 26
+10 52
+2 52
+71 200
-71 102
+2 63
+2 126
+8 126
+51 102
+22 51
fi=(20) ./elf/../bits/stdlib-bsearch.h
28 51
-1 102
+4 102
+1 51
fe=(19)
+78 102
fi=(20)
-79 76
+1 38
fe=(19)
+78 76
+3 345
fi=(20)
-84 844
+2 512
+1 256
fe=(19)
+78 512
+15 15
246 104
fi=(20)
37 51
-8 115
fe=(19)
155 36
+3 36
-6 54
+3 14
+9 14
+23 19
-32 57
+3 57
+4 50
+2 100
+2 50
+2 36
+4 11
+2 22
+6 14
+3 8
+1 12
-8 4
+2 4
-1 4
-1 4
+2 8
-2 4
+3 12
-2 12
+2 8
-10 24
+1 10
+11 12
-26 4
+9 4
+23 2
-32 6
+3 6
+4 8
+2 16
+2 8
-11 3
+7 6
+2 12

fl=(64) ./io/../sysdeps/unix/sysv/linux/access.c
fn=(206) access
25 1
+2 7
+4 1

fl=(128) ./elf/./elf/dl-lookup-direct.c
fn=(410) _dl_lookup_direct
74 30
+2 3
-2 3
+4 3
-4 3
+2 3
+2 9
+37 3
-37 9
+1 6
+2 12
+3 25
-52 3
+54 6
-54 3
+54 3
-54 9
+1 9
+2 6
+1 6
+12 12
+3 3
+2 3
-2 3
+2 9
cfi=(32) ./string/../sysdeps/x86_64/strcmp.S
cfn=(90) strcmp
calls=3 +55 
* 207
* 6
+4 6
+1 3
-1 3
+1 18
+1 9
cfi=(32)
cfn=(90)
calls=3 +49 
* 75
* 6
+57 27
-23 6

fl=(51) ./elf/./elf/dl-error-skeleton.c
fn=(160) _dl_catch_error
225 10
+2 2
cob=(2)
cfi=(50)
cfn=(162) 0x0000000004002050
calls=1 0 
* 2759
+1 2
+1 1
+1 1
-1 1
+1 1
+2 5

fn=(246) _dl_receive_error
238 6
+1 1
+1 1
+3 1
+1 1
+2 1
cfi=(2) ./elf/./elf/rtld.c
cfn=(248) version_check_doit
calls=1 696 
* 3846
+2 1
+1 1
+1 4

fn=(164) _dl_catch_exception
175 9
+5 3
-5 9
+5 3
-2 6
+22 3
-1 3
+7 6
-6 3
+3 6
+3 3
cfi=(52) ./setjmp/../sysdeps/x86_64/setjmp.S
cfn=(166) __sigsetjmp
calls=3 30 
* 72
* 12
+2 9
cfi=(65) ./elf/./elf/dl-deps.c
cfn=(212) openaux
calls=2 61 
* 6863
cfi=(2)
cfn=(168) map_doit
calls=1 663 
* 2698
+2 3
-1 3
+1 3
-1 3
+1 6
+9 12

fl=(43) ./string/../sysdeps/x86_64/multiarch/memset-vec-unaligned-erms.S
fn=(130) memset
125 7
+1 35
+6 7
+1 7
+1 7
+1 7
+2 1
+1 1
+1 1
+65 4
+1 4
+2 4
+76 6
+1 6
+5 6
+3 6
+1 6
+3 2
+1 2
+13 2
+1 2
+2 2
+3 1
+3 2
+3 1
+1 1
+1 1
+1 1
+1 1
+1 1
+1 1
-6 27
+1 27
+1 27
+1 27
+1 27
+1 27
+1 27
+3 2
+1 2
+1 2
+1 2
+5 2

fl=(10) ./elf/./elf/dl-tunables.c
fn=(18) __GI___tunables_init
279 9
-9 9
71 290
+6 57
-3 114
+3 4920
+4 114
+5 114
fi=(11) ./elf/./elf/dl-tunables.h
+54 57
fe=(10)
-54 228
fi=(11)
+55 142
-1 98
+1 28
-1 57
+1 114
fe=(10)
320 228
-18 7980
+6 12540
fi=(11)
140 513
+1 1026
-1 21
+1 84
-1 105
fe=(10)
354 8
74 114

fn=(24) __tunable_get_val
402 33
+3 231
+9 33
-9 126
+9 10
+17 165
+2 33
-9 23
+1 23

fn=(54) __GI___tunable_set_val
157 15
-55 5
+55 5
-55 5
+55 5
-55 35
+9 5
+1 5
fi=(207) ./elf/./dl-tunable-types.h
-22 10
fe=(10)
+22 20
+1 40
fi=(11)
+8 10
+1 5
fe=(10)
-6 15
fi=(11)
+15 5
fe=(10)
-12 10
+4 10
+7 10
+1 10
+3 30
+1 5
+1 5
+1 5
+24 5
fi=(11)
-30 15
fe=(10)

fl=(2)
fn=(154) handle_preload_list
894 10
+5 1
-5 2
+5 2
+6 1
-64 1
+54 3
+7 3
cfi=(49) ./string/../sysdeps/x86_64/strcspn.S
cfn=(156) strcspn
calls=1 25 
* 233
* 1
+1 3
+9 1
191 1
914 2
191 2
916 2
-80 1
+5 5
-10 1
+8 1
-4 1
+1 1
+1 1
+4 1
cob=(2)
cfi=(50)
cfn=(158) 0x0000000004002080
calls=1 0 
* 2784
+1 3
+8 3
+67 1
-18 2
+21 9
-15 4
cfi=(29) ./string/../sysdeps/x86_64/multiarch/memmove-vec-unaligned-erms.S
cfn=(80) memcpy
calls=1 212 
* 19
+1 2

fn=(168)
663 2
+2 1
-2 1
+2 1
+1 2
-1 2
+1 3
cfi=(31) ./elf/./elf/dl-load.c
cfn=(170) _dl_map_object
calls=1 2022 
* 2683
* 1
+2 2

fn=(254) init_tls
756 3
+2 1
+4 1
-4 1
+4 2
+11 1
fi=(28) ./elf/../include/rtld-malloc.h
44 1
fe=(2)
768 1
+4 1
fi=(28)
44 1
cfi=(27) ./elf/./elf/dl-minimal-malloc.c
cfn=(72) __minimal_calloc
calls=1 +34 
* 36
fe=(2)
783 1
-12 1
+6 1
-9 1
+11 1
+4 1
+2 3
-1 2
+3 8
+4 1
+2 1
-2 2
-5 1
-1 2
+10 3
+3 2
cfi=(46) ./elf/../elf/dl-tls.c
cfn=(256) _dl_tls_static_surplus_init
calls=1 97 
* 79
+3 1
cfi=(46)
cfn=(258) _dl_determine_tlsoffset
calls=1 221 
* 76
+7 1
cfi=(46)
cfn=(260) _dl_allocate_tls_storage
calls=1 422 
* 442
* 1
+1 2
+6 1
+3 2
-3 1
+3 6
+3 1
cfi=(24) ./elf/../sysdeps/nptl/dl-tls_init_tp.c
cfn=(262) __tls_init_tp
calls=1 68 
* 75
+1 1
+3 5
-39 3
-1 7

fn=(248)
696 3
+2 4
cfi=(73) ./elf/./elf/dl-version.c
cfn=(250) _dl_check_all_versions
calls=1 361 
* 3835
* 2
+4 2

fn=(2) _dl_start
527 10
85 1
fi=(6) ./elf/../sysdeps/x86_64/dl-machine.h
-40 1
fe=(2)
557 1
-4 1
85 2
556 1
85 1
fi=(3) ./elf/./get-dynamic-info.h
-40 1
fe=(2)
556 1
fi=(3)
45 2
+9 1
+5 1
+3 1
+2 1
+4 1
-7 1
-3 1
-3 14
+13 4
-23 16
+23 14
-23 56
+4 36
+5 20
+2 5
+3 4
fi=(4) ./elf/../sysdeps/generic/ldsodefs.h
+21 1
fi=(3)
-8 3
+10 4
+1 4
+1 4
+1 4
+2 4
+5 4
+1 4
+1 4
+3 3
+5 2
+7 3
+1 3
+8 2
+1 2
+5 3
+3 3
fe=(2)
573 1
fi=(6)
71 1
fe=(2)
573 42
fi=(6)
414 1
fi=(5) ./elf/./elf/do-rel.h
86 1
fe=(2)
573 2
fi=(5)
49 1
+37 1
-37 1
+37 1
+2 1
-2 1
+2 1
-2 1
+27 2
-27 1
fe=(2)
573 2
fi=(5)
49 1
+37 1
-37 1
+37 1
+2 1
-2 1
+2 1
-2 1
+27 3
+1 2
fi=(6)
534 2
fi=(5)
114 282
fi=(6)
534 282
+1 142
fi=(5)
113 142
fi=(6)
535 284
fi=(5)
113 284
+5 4
+8 7
fi=(6)
326 12
fi=(5)
126 21
+2 7
+2 7
-2 7
fi=(6)
287 7
fi=(5)
130 7
-2 7
+1 14
fi=(6)
287 14
+9 70
+3 14
+27 33
fe=(2)
573 6
fi=(5)
50 1
fi=(4)
+30 2
fi=(6)
326 2
+20 12
+1 6
fe=(2)
575 1
+13 1
cfi=(7) ./elf/./elf/dl-minimal.c
cfn=(12) __rtld_malloc_init_stubs
calls=1 42 
* 10
+4 2
85 1
488 2
85 3
488 1
cfi=(8) ./elf/./elf/dl-setup_hash.c
cfn=(14) _dl_setup_hash
calls=1 25 
* 29
+2 2
-1 1
+1 2
+17 1
-15 1
-2 1
+17 1
-15 1
+9 1
-11 1
+17 1
cfi=(9) ./elf/../elf/dl-sysdep.c
cfn=(16) _dl_sysdep_start
calls=1 85 
* 146731
* 1
+2 2
+98 9
fi=(3)
62 4
+2 4
fe=(2)
573 3

fn=(64) dl_main
1320 2
205 1
311 1
1320 2
2818 1
1320 3
2829 1
1320 2
2698 1
1320 2
311 1
1320 3
207 1
310 1
205 1
+99 3
1332 1
cfi=(24)
cfn=(66) __tls_pre_init_tp
calls=1 53 
* 17
2677 3
+6 5
-4 1
+4 1
+2 3
cfi=(25) ./elf/./elf/dl-environ.c
cfn=(68) _dl_next_ld_env_entry
calls=1 28 
* 63
* 4
cfi=(25)
cfn=(68)
calls=2 28 
* 334
* 9
+4 6
-2 2
+2 6
+1 2
-1 6
+1 17
-1 89
+9 12
2845 4
+32 2
1348 1
+1 2
-1 2
+1 2
2774 3
+1 3
-56 2
+7 2
1627 9
cfi=(26) ./elf/./elf/dl-object.c
cfn=(70) _dl_new_object
calls=1 59 
* 230
* 1
+2 2
+1 1
+6 2
-6 1
+1 2
+1 3
+4 1
cfi=(26)
cfn=(82) _dl_add_to_namespace_list
calls=1 31 
* 36
+1 2
1140 1
1326 1
1169 1
-29 1
+11 1
+18 2
-21 1
+21 1
-19 1
-4 1
+23 1
-21 1
+21 2
+57 1
-83 1
+23 1
+4 1
+19 1
+22 1
+15 5
-56 116
1275 4
+2 1
1169 18
fi=(30) ./elf/../sysdeps/x86/dl-prop.h
105 2
fe=(2)
1282 22
+6 4
cfi=(31)
cfn=(88) _dl_process_pt_gnu_property
calls=1 868 
* 20
-7 26
+1 13
+6 13
-6 26
fi=(30)
212 4
+1 2
95 8
+10 2
212 1
105 1
-2 1
-3 1
+2 1
+3 1
-4 2
+92 4
-1 1
-87 3
+3 3
+1 2
+1 2
+4 3
+4 3
+3 3
+1 2
+4 1
+1 4
+58 3
+2 4
-56 4
+1 2
+3 4
+3 2
+1 8
+5 4
+2 4
+5 4
+14 2
-1 4
+2 2
fe=(2)
1174 1
-5 1
+5 2
-5 2
+30 1
-9 1
+27 1
-27 1
+2 1
-3 1
+10 2
-20 2
-10 1
+10 1
+1 9
-11 2
+57 4
-1 4
+1 8
-1 4
+2 8
+1 1
+2 12
+1 14
+4 8
+1 8
+1 4
+1 10
+1 1
+4 1
-74 1
+74 2
-74 2
+74 3
-74 3
+74 6
-74 6
fi=(30)
165 2
fe=(2)
1271 1
1169 1
1271 1
1169 2
1294 1
+3 2
+2 1
-5 2
+3 2
+2 2
+2 2
1662 3
+2 1
-1 1
+1 2
+1 2
-2 1
+2 1
-2 2
cfi=(32)
cfn=(90)
calls=1 108 
* 34
* 2
+7 1
+3 1
-5 1
+3 1
+2 1
+1 2
+4 2
+2 2
fi=(3)
39 3
+6 1
-2 1
+2 2
+9 1
+5 1
+3 1
+2 1
-3 1
-3 1
-3 17
+13 5
-23 20
+23 21
-23 84
+4 52
+5 24
+2 5
+16 3
+25 3
+5 2
+7 2
+1 3
+22 3
+5 2
+2 2
+2 2
+2 2
+1 1
+3 3
+2 3
+1 2
+9 2
+6 2
+1 2
+3 2
fe=(2)
1688 3
+7 2
cfi=(8)
cfn=(14)
calls=1 25 
* 29
+3 2
fi=(33) ./elf/./setup-vdso.h
24 2
fi=(35) ./elf/../sysdeps/unix/sysv/linux/dl-vdso-setup.h
+21 1
fe=(2)
1723 1
cfi=(13) ./elf/../sysdeps/unix/sysv/linux/dl-sysdep.c
cfn=(100) _dl_discover_osversion
calls=1 46 
* 90
* 8
fi=(37) ./elf/./dl-main.h
109 5
cfi=(31)
cfn=(106) _dl_init_paths
calls=1 706 
* 2721
fe=(2)
1731 3
cfi=(45) ./elf/./elf/dl-debug.c
cfn=(144) _dl_debug_initialize
calls=1 56 
* 30
+7 1
-7 1
+2 1
+5 1
+4 1
+3 1
-3 3
+1 2
+3 1
+5 1
-7 1
+7 1
+1 3
+12 2
+1 2
+5 1
-3 2
+2 1
+1 2
+5 3
+1 5
-1 2
233 1
-1 1
+1 3
+1 2
-2 1
+2 2
1793 2
+5 1
-1 1
+1 1
+24 1
cfi=(46)
cfn=(146) _dl_count_modids
calls=1 197 
* 6
* 1
fi=(47) ./elf/../sysdeps/generic/dl-debug.h
29 3
+1 2
fe=(2)
1828 2
+1 1
cfi=(45)
cfn=(150) _dl_debug_state
calls=1 116 
* 2
+1 1
+4 3
cfi=(48) ./elf/./elf/dl-audit.c
cfn=(152) _dl_audit_activity_map
calls=1 28 
* 16
+5 3
+2 1
+2 2
+9 2
+16 4
cfi=(64)
cfn=(206)
calls=1 25 
* 9
* 2
+76 4
+16 3
85 1
1970 1
85 2
1970 2
85 1
1970 5
cfi=(65)
cfn=(208) _dl_map_object_deps
calls=1 159 
* 8490
92 1
1976 1
92 2
+9 2
1976 2
+1 5
-1 4
+1 6
-1 12
+4 4
+1 3
+1 1
+2 2
+1 4
-1 9
+1 9
+12 3
+1 2
+2 1
+2 3
+2 1
-4 1
+5 1
-1 2
+14 2
+1 2
+1 3
+11 2
+2 1
-2 1
+2 2
-2 1
+1 2
+1 1
-1 2
+1 1
cfi=(51)
cfn=(246)
calls=1 238 
* 3863
+10 2
+1 2
+3 2
862 1
fi=(208) ./elf/../sysdeps/unix/sysv/linux/dl-osinfo.h
64 2
fe=(2)
864 1
+6 1
+3 1
+7 1
-5 1
2052 3
2282 3
1778 2
+6 1
-6 2
+6 1
+2 3
fi=(30)
198 4
+2 1
+1 1
+2 1
-3 3
+3 1
fi=(3)
59 4
+3 4
+2 4
fi=(34) ./elf/../sysdeps/unix/sysv/linux/dl-vdso.h
-24 1
+1 2
fe=(2)
2331 1
1325 1
2342 1
-4 2
+10 1
-6 1
+6 1
+3 2
+8 1
fi=(30)
36 1
fe=(2)
2359 1
fi=(30)
37 3
+3 1
+13 6
-13 3
+9 6
-9 1
+9 20
+4 15
-16 12
+34 3
cfi=(75) ./elf/../sysdeps/x86/dl-cet.c
cfn=(266) _dl_cet_check
calls=1 252 
* 30
fe=(2)
2361 2
+54 3
+3 1
85 4
2422 1
+1 19
+2 8
+5 8
+2 8
+6 4
+2 12
+1 24
cfi=(76) ./elf/./elf/dl-reloc.c
cfn=(268) _dl_relocate_object
calls=3 194 
* 78674
+4 10
+1 2
-23 1
+23 1
cfi=(46)
cfn=(388) _dl_add_to_slotinfo
calls=1 1015 
* 28
-23 6
92 3
+1 1
2454 1
93 1
2454 1
+5 4
+2 1
+7 3
cfi=(46)
cfn=(390) _dl_allocate_tls_init
calls=1 528 
* 146
+3 2
fi=(3)
72 2
+10 3
+1 4
+1 4
+1 4
+2 4
+5 4
+1 4
+1 5
fi=(35)
-64 3
+3 1
+3 1
+3 1
fi=(34)
+16 2
fe=(2)
2434 1
+1 1
-3 2
+49 3
+2 4
+10 1
cfi=(123) ./elf/./elf/dl-find_object.c
cfn=(392) _dl_find_object_init
calls=1 561 
* 571
+5 2
cfi=(7)
cfn=(400) __rtld_malloc_init_real
calls=1 76 
* 2372
+3 1
cfi=(127) ./elf/../sysdeps/nptl/dl-mutex.c
cfn=(408) __rtld_mutex_init
calls=1 30 
* 415
85 1
2507 1
+1 3
85 3
2508 2
cfi=(76)
cfn=(268)
calls=1 194 
* 4806
92 3
+9 2
2516 3
cfi=(129) ./elf/./elf/dl-call-libc-early-init.c
cfn=(414) _dl_call_libc_early_init
calls=1 27 
* 1309
+7 1
cfi=(9)
cfn=(440) _dl_sysdep_start_cleanup
calls=1 262 
* 2
+4 3
cfi=(48)
cfn=(442) _dl_audit_activity_nsid
calls=1 40 
* 21
+5 2
cfi=(45)
cfn=(184) _dl_debug_update
calls=1 38 
* 7
+1 1
-1 1
+2 1
cfi=(45)
cfn=(150)
calls=1 116 
* 2
+1 1
+4 1
cfi=(67) ./elf/./elf/dl-cache.c
cfn=(444) _dl_unload_cache
calls=1 537 
* 18
+5 8
1741 4
1995 2
+50 2
cfn=(254)
calls=1 756 
* 784
* 2
2726 4
+2 2
+1 1
+46 2
+2 1
+1 1
-1 1
+1 1
+1 1
85 1
1847 1
85 2
1847 1
85 1
1847 2
cfn=(154)
calls=1 894 
* 3107
* 1
92 3
+9 3
1948 16
+1 1
-1 1
+4 3
+1 1
+1 2
+1 2
-7 2
fi=(30)
170 3
-39 2
fe=(2)

fl=(39) ./elf/../sysdeps/x86_64/dl-hwcaps-subdirs.c
fn=(110) _dl_hwcaps_subdirs_active
29 1
fi=(18) ./elf/../sysdeps/x86/get-isa-level.h
+2 1
fe=(39)
+7 1
fi=(18)
-7 2
-1 2
fe=(39)
+22 1
fi=(18)
-20 3
+4 1
fe=(39)
+2 1
fi=(18)
-2 2
+3 4
+1 4
+5 1
fe=(39)
-7 1
fi=(18)
+7 3
fe=(39)
-2 1
fi=(18)
+5 2
+1 3
fe=(39)

fl=(38) ./elf/./elf/dl-hwcaps.c
fn=(108) _dl_important_hwcaps
175 5
+1 1
-1 6
+1 1
-1 1
+1 1
-1 1
+1 1
-1 1
+1 2
cfi=(10)
cfn=(24)
calls=1 402 
* 21
* 1
+2 2
+1 3
+26 2
-26 1
+25 1
cfi=(39)
cfn=(110)
calls=1 29 
* 34
fi=(40) ./elf/./dl-hwcaps.h
54 1
fe=(38)
205 1
-1 1
fi=(40)
56 1
+32 1
+1 1
+1 1
fe=(38)
-35 2
cfi=(41) ./elf/./elf/dl-hwcaps_split.c
cfn=(116) _dl_hwcaps_split_masked
calls=1 -4 
* 13
* 2
fi=(40)
-1 1
+2 2
-2 1
+34 2
+1 2
+1 1
fe=(38)
-32 1
-1 1
+1 1
+1 1
-1 1
-3 2
cfi=(41)
cfn=(116)
calls=1 -4 
* 20
* 2
cfi=(41)
cfn=(116)
calls=1 -4 
* 196
* 4
+48 5
fi=(28)
-47 1
cfi=(27)
cfn=(76) __minimal_malloc
calls=1 -21 
* 25
fe=(38)
+47 1
+2 2
+3 2
fi=(40)
-52 1
fe=(38)
+55 1
-3 1
fi=(40)
-54 2
+3 1
fe=(38)
+58 2
cfi=(41)
cfn=(122) _dl_hwcaps_split
calls=1 -90 
* 12
* 2
fi=(40)
-61 1
+2 2
-2 1
+34 2
+1 2
+1 1
fe=(38)
+40 2
+1 1
-1 3
+2 1
+1 1
-2 3
-3 2
cfi=(41)
cfn=(116)
calls=1 -77 
* 20
* 2
cfi=(41)
cfn=(116)
calls=1 -77 
* 196
* 4
+8 2
+9 1
-15 1
+15 2
-15 1
+15 2
+70 1
+1 1
+4 1
-5 2
+1 4
+4 2
-4 1
+4 4
+1 1
-1 1
+1 2
+1 2
-2 5
+1 1
-1 1
+1 2
+1 2
-2 5
+5 1
+3 2
-3 2
+3 15
+7 1
-7 2
+2 3
+1 4
+2 1
fi=(209) ./elf/../sysdeps/x86/dl-hwcap.h
57 1
fe=(38)
233 2
fi=(209)
57 1
fe=(38)
233 2
fi=(209)
57 1
fe=(38)
233 1
+1 1
cfi=(22) ./string/../sysdeps/x86_64/multiarch/strlen-vec.S
cfn=(60) strlen
calls=1 41 
* 17
+1 1
+1 1
-6 1
+4 1
+1 1
-5 1
+5 1
+1 1
-1 2
-5 4
+10 3
-2 3
+2 1
+1 1
+1 1
-1 1
+4 4
+1 1
-1 1
+4 2
+4 1
-1 1
+1 4
-1 2
+4 3
+1 3
+19 10
+6 2
fi=(28)
56 1
cfi=(27)
cfn=(76)
calls=1 -21 
* 25
* 1
fe=(38)
283 2
+8 1
fi=(40)
54 1
+2 1
+34 1
-2 2
fe=(38)
-5 1
291 1
fi=(40)
54 1
+35 1
fe=(38)
291 1
fi=(40)
90 1
fe=(38)
-10 2
cfi=(41)
cfn=(116)
calls=1 -29 
* 13
* 2
fi=(40)
-26 2
+2 1
fe=(38)
+27 1
fi=(40)
-29 1
+34 2
+1 2
+1 1
fe=(38)
-8 1
+1 2
+7 1
-7 5
cfi=(29)
cfn=(126) mempcpy
calls=1 199 
* 13
+4 1
+2 1
+2 1
-2 2
-9 2
cfi=(41)
cfn=(116)
calls=1 -29 
* 20
* 2
cfi=(41)
cfn=(116)
calls=1 -29 
* 196
* 4
304 1
+2 1
-2 1
-48 2
+72 1
-72 1
376 2
+13 2
-58 1
+45 1
+13 1
-58 1
-75 1
+82 1
+10 2
-92 1
+88 1
+4 3
-4 1
+3 7
-3 2
-3 1
+3 1
cfi=(29)
cfn=(126)
calls=1 199 
* 18
* 2
-3 1
+3 1
cfi=(29)
cfn=(126)
calls=1 199 
* 18
* 2
+3 2
-3 4
+3 5
+1 12
+1 2
-2 1
+2 1
cfi=(29)
cfn=(126)
calls=1 199 
* 15
* 2
-2 2
+5 8
cfi=(29)
cfn=(126)
calls=2 199 
* 30
* 4
+2 5
+5 6
+1 1
-1 3
+1 7
-1 25
+5 11
+4 1
-1 1
+1 2
-4 12
+4 2
-1 2
+1 13
-1 9
+1 18
+1 24
-1 12
-1 12
+2 24
-1 24
-1 24
+4 9
+3 1
+2 2
-1 1
-1 1
+2 1
-2 1
+2 2
-1 1
+1 2
+2 6
+1 2
+3 2
-6 2
+6 3
+7 8
+1 1
-1 2
+3 2
-3 3
+1 3
-1 6
+3 6
+3 4
-80 2
+86 9
-20 1
+1 2
-6 3
259 2
+1 2
+1 4
-1 3
+12 4
-44 2
+34 4
-2 3

fl=(46)
fn=(388)
1015 8
+6 1
+3 1
+1 1
+4 3
+34 2
+3 3
+1 3
+3 6

fn=(260)
422 2
+13 1
-13 2
+2 1
+12 1
fi=(28)
56 1
cfi=(27)
cfn=(76)
calls=1 -21 
* 53
fe=(46)
437 3
+8 2
fi=(28)
44 1
fe=(46)
445 2
+1 1
+4 321
+19 1
-99 1
+4 1
+1 1
fi=(28)
44 1
cfi=(27)
cfn=(72)
calls=1 +34 
* 36
fe=(46)
376 2
+3 1
+6 2
+90 5

fn=(390)
528 10
+1 2
+4 1
+6 1
-6 1
+6 1
cfi=(24)
cfn=(84) rtld_mutex_dummy
calls=1 42 
* 3
+3 3
+12 1
-18 1
-1 1
+43 3
-19 13
+9 3
+1 2
+6 3
+1 1
+2 2
-2 1
+6 1
-4 2
+4 1
-4 2
+3 2
+4 2
+1 4
+2 2
+1 2
+17 1
-8 1
+8 1
+2 3
cfi=(29)
cfn=(126)
calls=1 199 
* 13
* 5
cfi=(43)
cfn=(130)
calls=1 125 
* 25
-49 1
+55 1
-55 4
+6 4
+55 2
cfi=(24)
cfn=(84)
calls=1 42 
* 3
+3 2
+3 9

fn=(258)
221 8
+6 3
+3 2
+36 3
+2 1
-2 1
-2 1
-40 1
-1 1
-1 1
+46 2
+23 3
+3 1
-3 4
+2 2
-2 1
-25 1
+20 1
-20 5
+2 2
+3 1
-1 1
+5 2
-5 1
+1 1
-1 1
+3 2
+2 3
+32 3
-1 1
+1 4
+2 2
-2 2
+53 8

fn=(234) _dl_assign_tls_modid
131 2
+3 1
+13 1
-13 1
+52 1
+2 1
+3 1
+1 2

fn=(146)
197 1
+2 2
+1 1
+15 2

fn=(256)
97 2
+4 1
-4 2
+4 1
-4 2
+4 3
cfi=(10)
cfn=(24)
calls=1 402 
* 21
* 1
+1 4
cfi=(10)
cfn=(24)
calls=1 402 
* 21
* 1
+8 1
-8 1
+6 2
+2 3
+3 1
+2 1
-32 3
+34 3
+1 5

fl=(138) ./elf/./elf/dl-init.c
fn=(450) _dl_init
77 12
+1 1
+1 1
+3 3
+8 2
+25 1
+1 5
+1 2
-86 4
+86 6
-86 12
+2 20
cfn=(452) call_init.part.0
calls=3 -7 
* 190
+83 12
+7 8
-92 4
+2 6
cfn=(452)
calls=1 -7 
* 61
+52 2

fn=(452)
26 32
+13 4
-13 4
+16 4
-3 8
+3 8
+5 6
+8 9
+1 6
cob=(2)
cfi=(50)
cfn=(454) 0x000000000483f000
calls=1 -56 
* 26
+3 3
+1 6
+6 2
+2 2
-2 1
+3 7
+1 4
cob=(3)
cfi=(143)
cfn=(480)
calls=1 +13 
* 12
* 4
cob=(3)
cfi=(140)
cfn=(472)
calls=1 -24 
* 71
-1 6
+3 24
-29 2

fl=(55) ./io/../sysdeps/unix/sysv/linux/read_nocancel.c
fn=(178) __read_nocancel
25 2
+1 8
+1 2

fl=(57) ./io/../sysdeps/unix/sysv/linux/fstat64.c
fn=(188) fstat
29 6
+1 6
+5 9
cfi=(58) ./io/../sysdeps/unix/sysv/linux/fstatat64.c
cfn=(190) fstatat
calls=3 153 
* 24

fl=(12) ./elf/./elf/dl-sort-maps.c
fn=(242) _dl_sort_maps
288 20
+8 2
-8 2
+8 4
+4 16
-79 4
-37 2
+37 2
-36 8
+1 2
-1 2
+1 2
-1 4
+1 6
-1 6
+1 6
-1 12
+36 30
+8 6
-3 2
+2 2
+1 2
-8 2
+5 2
+3 8
+2 18
+2 8
-90 40
cfn=(244) dfs_traversal.part.0
calls=8 -3 
* 284
+93 16
+18 4
+13 2
+33 2
-26 8
cfi=(29)
cfn=(80)
calls=2 -62 
* 22
* 2

fn=(22) _dl_sort_maps_init
279 2
+1 4
cfi=(10)
cfn=(24)
calls=1 402 
* 20
+2 3
-1 1
+2 2

fn=(244)
140 64
+8 8
-2 8
+2 16
+2 20
+3 20
-3 40
+9 16
+15 24
+1 8
+1 48
-17 12

fl=(25)
fn=(68)
28 3
+1 3
+3 65
+13 55
-13 110
+2 114
+1 38
+5 2
-3 2
+3 2
+2 2
+7 1

fl=(71) ./malloc/./malloc/scratch_buffer_set_array_size.c
fn=(236) __libc_scratch_buffer_set_array_size
30 20
+4 2
+1 4
+11 2
-1 4
+18 8

fl=(54) ./io/../sysdeps/unix/sysv/linux/open64_nocancel.c
fn=(176) __open_nocancel
28 12
+3 12
-3 36
+3 72
+8 84
+2 3
-2 27
+2 9

fl=(15) ./elf/../sysdeps/x86/dl-get-cpu-features.c
fn=(412) __x86_cpu_features
71 1
-32 3
+32 2

fn=(32) _dl_x86_init_cpu_features
37 1
+2 3
+2 1
cfi=(16) ./elf/../sysdeps/x86/cpu-features.c
cfn=(34) init_cpu_features.constprop.0
calls=1 399 
* 7143

fl=(76)
fn=(268)
194 8
+14 4
-14 36
+16 4
-16 8
+14 4
+2 8
+3 4
-1 4
+1 8
+19 8
+6 20
-34 6
+38 6
+7 12
fi=(6)
71 10
+6 4
+4 3
+14 1
-8 1
+8 2
+20 2
+4 5
-2 2
fe=(76)
288 160
-83 1
fi=(6)
474 4
fe=(76)
205 2
+83 2
fi=(5)
49 1
fe=(76)
288 1
fi=(5)
60 1
-11 2
+11 2
fe=(76)
288 3
-83 3
fi=(6)
474 12
fe=(76)
205 6
+83 6
fi=(5)
49 3
fe=(76)
288 3
fi=(5)
60 3
-11 6
+11 6
fe=(76)
288 8
fi=(5)
49 4
fe=(76)
288 4
fi=(5)
60 4
-11 8
+11 8
-7 1
-1 1
+11 8
fi=(6)
545 28
+4 28
+3 42
+1 14
fi=(5)
63 42
+2 216
+2 120
-4 120
+13 6
+1 8
+1 80
fi=(6)
545 40
+34 80
+2 40
cob=(3)
cfi=(121)
cfn=(384)
calls=1 31 
* 9
cob=(3)
cfi=(120)
cfn=(382)
calls=1 31 
* 7
cob=(3)
cfi=(119)
cfn=(378)
calls=1 33 
* 20
cob=(3)
cfi=(118)
cfn=(376)
calls=1 29 
* 7
cob=(3)
cfi=(117)
cfn=(374)
calls=1 29 
* 9
cob=(3)
cfi=(116)
cfn=(370)
calls=1 33 
* 10
cob=(3)
cfi=(114)
cfn=(366)
calls=1 29 
* 10
cob=(3)
cfi=(113)
cfn=(362)
calls=1 29 
* 10
cob=(3)
cfi=(112)
cfn=(360)
calls=1 29 
* 9
cob=(3)
cfi=(111)
cfn=(358)
calls=1 31 
* 7
cob=(3)
cfi=(110)
cfn=(354)
calls=1 29 
* 10
cob=(3)
cfi=(109)
cfn=(352)
calls=1 31 
* 9
cob=(3)
cfi=(108)
cfn=(350)
calls=1 29 
* 9
cob=(3)
cfi=(107)
cfn=(348)
calls=2 31 
* 14
cob=(3)
cfi=(105)
cfn=(344)
calls=1 29 
* 10
cob=(3)
cfi=(104)
cfn=(342)
calls=1 31 
* 7
cob=(3)
cfi=(103)
cfn=(338)
calls=1 29 
* 10
cob=(3)
cfi=(102)
cfn=(336)
calls=1 43 
* 7
cob=(3)
cfi=(101)
cfn=(334)
calls=1 29 
* 7
cob=(3)
cfi=(100)
cfn=(332)
calls=1 31 
* 7
cob=(3)
cfi=(99)
cfn=(330)
calls=1 66 
* 12
cob=(3)
cfi=(98)
cfn=(328)
calls=2 31 
* 18
cob=(3)
cfi=(96)
cfn=(324)
calls=1 31 
* 10
cob=(3)
cfi=(95)
cfn=(322)
calls=1 30 
* 9
cob=(3)
cfi=(94)
cfn=(318)
calls=2 29 
* 40
cob=(3)
cfi=(93)
cfn=(316)
calls=1 28 
* 9
cob=(3)
cfi=(92)
cfn=(314)
calls=1 61 
* 13
cob=(3)
cfi=(91)
cfn=(312)
calls=2 31 
* 18
cob=(3)
cfi=(89)
cfn=(308)
calls=1 29 
* 20
cob=(3)
cfi=(88)
cfn=(304)
calls=1 29 
* 12
cob=(3)
cfi=(86)
cfn=(300)
calls=1 29 
* 18
cob=(3)
cfi=(84)
cfn=(296)
calls=1 29 
* 12
cob=(3)
cfi=(83)
cfn=(294)
calls=1 65 
* 10
cob=(3)
cfi=(82)
cfn=(292)
calls=1 29 
* 7
cob=(3)
cfi=(81)
cfn=(290)
calls=2 31 
* 18
-36 40
+37 40
fi=(5)
77 121
fe=(76)
288 32
+3 24
+24 4
+3 8
+17 12
+2 32
-98 8
+3 2
+7 4
-9 2
fi=(5)
86 14
+2 14
+12 7
-14 28
+14 14
+10 10
+3 13
+1 3
fi=(6)
529 3
fi=(5)
114 3
fi=(6)
529 6
fi=(5)
114 1198
fi=(6)
529 1198
fi=(5)
114 1198
fi=(6)
529 2396
+5 2402
+1 1201
fi=(5)
113 1201
fi=(6)
535 1201
-5 1201
fi=(5)
113 2402
+7 28
+4 20
+2 10
-73 3
fi=(6)
484 3
fi=(5)
52 3
fi=(6)
484 6
fi=(5)
128 6
+1 3
+1 3
-2 3
+2 3
+3 3
-5 3
+2 3
-2 3
+1 6
+2 3
-2 3
+2 9
+2 6
-5 214
+1 107
+1 107
-2 107
+2 107
+3 107
-5 107
+2 107
-2 107
+1 214
+2 107
-2 107
+2 321
+2 214
+9 108
fi=(6)
262 216
+21 216
+4 216
+7 432
fi=(4)
138 276
fi=(6)
294 3533
cfi=(77) ./elf/./elf/dl-lookup.c
cfn=(276) _dl_lookup_symbol_x
calls=89 840 
* 50468
* 801
+2 276
+30 644
450 267
fi=(5)
145 301
-19 330
+32 15
+1 6
fi=(6)
294 2
+22 2
-22 4
fi=(5)
160 6
+3 2
+4 2
-4 2
+4 4
-2 2
-2 2
+2 2
+1 2
-1 4
fi=(6)
294 8
508 2
-1 4
+1 4
+1 2
cfi=(15)
cfn=(412)
calls=1 71 
* 6
cob=(3)
cfi=(79)
cfn=(286)
calls=1 86 
* 28
+1 2
fi=(5)
159 2
fi=(6)
510 2
fi=(5)
159 8
-14 6
+1 39
fi=(6)
490 6
+5 4
-1 6
+1 4
-1 2
cfi=(29)
cfn=(80)
calls=2 212 
* 22
+2 8
+1 2
-75 51
+4 68
+5 17
+9 17
-9 34
+9 17
fi=(5)
145 66
fi=(6)
296 153
+3 105
-3 105
+3 210
+2 10
+3 4
+1 6
+11 4
+7 2
cob=(3)
cfi=(83)
cfn=(294)
calls=1 65 
* 10
cob=(3)
cfi=(86)
cfn=(300)
calls=1 29 
* 18
* 6
+3 4
fi=(5)
135 10
+3 2
fi=(6)
296 89
+3 89
-3 194
+3 4
fi=(5)
50 8
fe=(76)
308 14
fi=(6)
-14 29
fe=(76)
+49 20
+3 4
-3 4
+3 4
+4 8
+1 16
cfi=(122) ./misc/../sysdeps/unix/syscall-template.S
cfn=(386) mprotect
calls=4 117 
* 24
* 8
-63 6
fi=(5)
53 2
175 7
+2 2
+1 2
-1 1
+3 1
-3 4
+3 2
-3 10
+1 10
-1 5
+3 5
-3 20
+3 10
+8 6
fi=(6)
+74 12
+21 12
+4 12
+7 24
fi=(4)
138 18
fi=(6)
294 204
cfi=(77)
cfn=(276)
calls=6 840 
* 3259
* 54
+2 18
+30 36
450 12
fi=(5)
191 18
-16 18
+30 4
fi=(6)
+91 2
+3 2
-3 2
+3 4
-3 2
+3 2
-3 4
fe=(76)

fl=(8)
fn=(14)
25 4
+3 4
-3 4
+3 8
+3 12
+1 8
+2 4
-1 4
+3 12
+1 4
+4 4
-3 4
+7 4
-4 4
-3 4
+2 8
+5 4
-5 4
-2 4
+7 4
-5 4
+10 4

fl=(23) ./elf/../misc/sbrk.c
fn=(62) sbrk
37 5
+3 1
+18 2
+4 2
+16 5

fl=(27)
fn=(142) __minimal_free
95 3
+2 12

fn=(72)
78 8
+4 8
-4 32
+7 8
+1 24
fi=(28)
-30 8
cfi=(27)
cfn=(76)
calls=8 -21 
* 235
fe=(27)

fn=(76)
35 120
+1 24
+11 24
-11 48
+11 48
+3 24
-3 24
+3 136
+18 24
+1 24
+2 96
-16 8
+1 4
+2 2
+1 14
cfi=(59) ./misc/../sysdeps/unix/sysv/linux/mmap64.c
cfn=(192) mmap
calls=2 -12 
* 18
* 2
+2 4
+2 4
+2 2
+4 2
-4 4
-23 1
-1 1
+1 1
+1 2
-2 2

fl=(48)
fn=(506) _dl_audit_preinit
117 1
+1 4

fn=(204) _dl_audit_objopen
76 2
+1 8

fn=(760) _dl_audit_objclose
96 4
+1 16

fn=(152)
28 6
+2 1
-1 1
+1 2
+6 6

fn=(442)
40 6
+4 3
-4 3
+4 3
-4 3
+4 3
-4 6
+4 3
+1 3
+1 12
+4 18

fl=(9)
fn=(440)
262 1
+1 1

fn=(16)
85 4
+25 1
-25 6
+25 1
-1 1
+1 180
+11 1
-8 1
+1 1
-4 1
+3 1
+6 1
+2 13
-34 1
-1 1
+36 113
+3 1
+1 1
-5 85
+57 1
-57 1
+58 1
-1 1
-57 3
+29 1
-29 1
+30 1
-1 1
-29 3
+41 1
-41 1
+42 1
-1 1
-41 3
+35 1
-35 1
+36 1
-1 1
-35 3
+32 1
-32 1
+33 1
-1 1
-32 4
+13 1
-13 1
+14 1
-1 1
-13 3
+10 1
-10 1
+11 1
-1 1
-10 3
+7 1
-7 4
224 1
cfi=(10)
cfn=(18)
calls=1 +55 
* 28970
+3 1
cfi=(12)
cfn=(22)
calls=1 +52 
* 32
fi=(13)
36 2
cfi=(14) ./elf/../sysdeps/unix/sysv/linux/brk.c
cfn=(28) brk
calls=1 -1 
* 8
fi=(6)
215 1
cfi=(15)
cfn=(32)
calls=1 37 
* 7148
fe=(9)
+23 3
+1 1
cfi=(22)
cfn=(60)
calls=1 41 
* 33
* 1
+2 2
cfi=(23)
cfn=(62)
calls=1 37 
* 15
* 3
+12 3
+3 5
cfi=(2)
cfn=(64)
calls=1 1320 
* 110024
+2 9

fl=(26)
fn=(82)
31 6
+2 3
-2 6
+2 3
-2 6
+2 3
cfi=(24)
cfn=(84)
calls=3 +9 
* 9
+2 23
+3 20
+2 2
+2 2
+4 2
+4 2
-4 4
+1 2
+4 2
-4 2
+1 2
+3 2
-3 2
+3 2
-1 2
cfi=(24)
cfn=(84)
calls=2 -8 
* 6
-4 1
+4 1
-4 2
+1 1
+4 1
-4 1
+1 1
+3 1
-3 1
+3 1
-1 1
cfi=(24)
cfn=(84)
calls=1 -8 
* 3
-5 2

fn=(70)
59 42
+3 6
+18 2
+3 2
-3 2
+3 2
cfi=(22)
cfn=(60)
calls=2 -42 
* 52
+4 4
-4 4
+9 4
fi=(28)
-48 6
cfi=(27)
cfn=(72)
calls=2 +34 
* 100
fe=(26)
+48 1
fi=(28)
-48 3
cfi=(27)
cfn=(72)
calls=1 +34 
* 43
* 3
fe=(26)
+51 6
+5 3
-2 3
+6 3
-4 3
+4 3
-5 3
+4 3
+1 3
-1 3
+1 6
cfi=(29)
cfn=(80)
calls=3 212 
* 44
* 6
+2 3
+13 6
+6 1
+2 7
+3 2
-3 14
+3 4
+9 3
-7 3
+4 3
+3 15
+2 1
-2 3
+2 15
-2 45
+16 6
-5 3
+5 3
-6 3
+6 3
-6 3
+6 6
+2 4
+3 4
-3 4
+7 8
+4 4
+8 2
+3 2
+10 3
-10 4
+10 6
+2 2
+21 2
-21 2
cfi=(22)
cfn=(60)
calls=2 41 
* 70
* 6
+17 2
-13 6
+50 6
cfi=(29)
cfn=(126)
calls=2 -46 
* 34
* 2
+5 4
+1 4
-1 80
+1 80
+2 4
+3 2
+3 2
+4 27
131 8
-12 4
+34 1
+7 4
+8 8
fi=(28)
56 4
cfi=(27)
cfn=(76)
calls=2 -21 
* 50
* 2
fe=(26)
200 8
64 2
+2 3
+1 2
+10 5
-6 2

fl=(29)
fn=(80)
212 18
+1 18
+6 18
+1 18
+2 10
+1 10
+1 10
+2 7
+1 7
+1 7
+2 7
360 8
+1 8
+2 1
+4 1
+1 1
+1 1
+1 1
+1 1
+4 1
+2 1
+39 7
+1 7
+1 7
+1 7
+1 7
+7 3
+1 3
+1 3
+1 3
+1 3
+1 3
+1 3
+11 3
+1 3
+2 3
+1 3
+1 3

fn=(126)
199 29
+1 29
+1 29
+1 29
+17 29
+1 29
+2 5
+1 5
+1 5
+2 4
+1 4
+1 4
+2 4
360 24
+1 24
+2 9
+4 9
+1 3
+1 3
+1 2
+1 2
+1 2
+1 2
+2 2
+2 3
+6 6
+1 6
+1 6
+1 6
+1 6
+29 15
+1 15
+1 15
+1 15
+1 15
+7 1
+1 1
+1 1
+1 1
+1 1
+1 1
+1 1
+11 1
+1 1
+2 1
+1 1
+1 1

fl=(44) ./string/./string/strdup.c
fn=(138) strdup
40 15
+1 3
cfi=(22)
cfn=(60)
calls=3 * 
* 85
* 3
fi=(210) ./string/../include/rtld-malloc.h
+15 6
cfi=(27)
cfn=(76)
calls=3 -21 
* 75
fe=(44)
-12 6
+4 3
-1 9
+1 6
-1 3
cfi=(29)
cfn=(80)
calls=3 212 
* 41

fl=(122)
fn=(446) munmap
117 5
+5 1

fn=(386)
117 20
+5 4

fl=(52)
fn=(166)
30 3
+2 3
+9 3
+1 6
+1 3
+4 3
+1 3
+1 3
+1 3
+1 3
+2 6
+2 3
+1 3
+1 3
+2 6
+2 3
+8 3
+3 3
+1 3
+7 3
+1 3

fl=(66) ./io/../sysdeps/unix/sysv/linux/stat64.c
fn=(218) stat
28 18
+1 36
cfi=(58)
cfn=(190)
calls=9 153 
* 88

fl=(70) ./io/../sysdeps/unix/sysv/linux/pread64_nocancel.c
fn=(230) __pread64_nocancel
25 8
+1 16
+1 4

fl=(36) ./posix/../sysdeps/unix/syscall-template.S
fn=(102) uname
120 5
+2 1

fl=(136) ./elf/./elf/dl-runtime.c
fn=(434) _dl_fixup
46 16
+2 10
+1 2
+6 2
fi=(211) ./elf/../sysdeps/x86_64/dl-runtime.h
-27 2
fe=(136)
+21 2
+5 2
+1 2
-6 2
+6 4
+1 2
+2 2
-2 2
+2 2
-2 10
+7 4
+4 4
+4 6
+4 6
+1 8
-7 8
+16 2
-1 2
+1 4
+10 20
cfi=(77)
cfn=(276)
calls=2 840 
* 1363
* 2
+4 10
+10 20
+15 8
+9 6
+26 6
fi=(6)
+70 2
fe=(136)
-66 12

fl=(53) ./elf/./elf/dl-misc.c
fn=(222) _dl_sysdep_read_whole_file
36 2
+3 1
-3 6
+3 1
-3 1
+3 1
cfi=(54)
cfn=(176)
calls=1 -11 
* 19
+1 2
+23 7
-21 4
cfi=(57)
cfn=(188)
calls=1 -13 
* 15
* 2
+2 2
+3 2
+13 2
cfi=(63)
cfn=(202)
calls=1 -35 
* 6
* 1
-11 6
cfi=(59)
cfn=(192)
calls=1 -2 
* 9
* 2

fn=(172) _dl_name_match_p
68 84
+1 28
cfi=(32)
cfn=(90)
calls=14 +39 
* 635
* 28
+3 14
+2 28
+6 15
-6 30
+1 54
cfi=(32)
cfn=(90)
calls=18 +33 
* 871
* 36
+8 3
-13 3
+13 20
-1 11
+1 33

fl=(67)
fn=(444)
537 1
+1 4
-1 1
+3 2
cfi=(122)
cfn=(446)
calls=1 117 
* 6
+1 1
+4 1
+2 2

fn=(228) _dl_cache_libcmp
370 11
+1 11
+32 11
-33 22
+1 26
+2 59
+2 59
-2 118
+20 114
+2 114
-12 48
+2 48
+14 48
+1 48
-29 96
+32 6
-28 4
+8 2
-2 4
+1 4
-1 2
+2 6
+2 2
-3 2
+3 6
+2 4
+9 27

fn=(220) _dl_load_cache_lookup
416 10
+2 2
+3 3
+74 1
208 1
495 2
+3 3
fi=(69) ./elf/../sysdeps/x86/dl-procinfo.h
39 2
+3 3
cfi=(32)
cfn=(90)
calls=1 +66 
* 45
* 7
cfi=(32)
cfn=(90)
calls=1 +66 
* 36
* 5
fe=(67)
212 6
cfi=(10)
cfn=(24)
calls=1 402 
* 21
* 1
+16 2
-16 1
+6 2
+10 1
-7 5
+9 3
+1 1
-37 2
+37 1
+4 2
-5 24
+1 8
-37 16
+37 8
+4 16
+4 27
cfn=(228)
calls=9 370 
* 682
+1 18
359 8
+3 2
228 2
360 7
228 17
+2 5
+20 4
+3 4
+2 8
cfn=(228)
calls=2 370 
* 220
* 4
+2 1
-9 4
-30 2
+1 1
+95 1
-95 1
-1 8
+96 3
-47 2
+10 2
+1 3
fi=(68) ./elf/../sysdeps/generic/dl-cache.h
125 5
fe=(67)
294 2
+9 2
+3 2
+2 3
+1 2
+5 2
+1 4
+7 2
+21 4
513 2
+12 2
cfi=(22)
cfn=(60)
calls=1 41 
* 35
* 12
+1 1
-1 1
+1 1
-1 1
+1 1
cfi=(29)
cfn=(80)
calls=1 212 
* 11
* 1
+1 1
cfi=(44)
cfn=(138)
calls=1 40 
* 87
+1 8
-3 2
424 4
cfi=(53)
cfn=(222)
calls=1 36 
* 91
* 1
+8 5
+1 8
+3 4
+1 1
-1 3
fi=(68)
194 1
+1 5
fe=(67)
444 1
+1 2

fl=(32)
fn=(90)
108 176
+33 176
+1 176
+2 176
+1 176
+21 176
+1 176
+1 152
+1 152
+1 119
+1 119
+1 119
+1 119
+21 119
+1 119
+1 119
+1 119
+1 119
+1 119
+1 119
+5 5
+1 15
+9 5
+1 5
+1 5
+1 5
+1 5
+1 5
+1 5
+1 5
-7 57
+1 57
+1 57
+1 57
+1 57
+1 57
+1 57
+1 57
+1 56
+1 28
+1 28
+1 28
+2 28
+1 28
+1 28
+1 28
+1 28
+1 28
-5 28
+1 28
+1 28
+1 28
+1 28
+1 28
+10 6
+1 6
+1 6
+2 6
+6 6
+1 6
+1 6
+1 6
+1 6
+5 6
+2 3
+1 3
+1 6
+8 3
+1 3
+3 3
+1 3
+1 3
+1 3
+1 3
+1 3
943 1
+1 1
+1 1
+1 1
+1 1
+2 1
+1 1
+1 1
+1 1
+1 1
+1 1
+1 1
+1 1
+4 1
+1 1
+1 1
+6 1
+1 1
+1 2
+4 1
+1 1
+3 1
+1 1
+1 1
+3 1
+1 1
+1 1
+6 1
+1 1
+1 1
+1 1
+1 1
+1 1
+72 5
+1 5
+1 5
+1 5
+1 5
+2 5
+1 5
+1 5
+1 5
+1 5
+1 5
+1 5
+1 1
+4 1
+1 1
+1 1
+6 1
+1 1
+1 2
+4 1
+1 1
+3 1
+1 1
+1 1
+3 1
+1 1
+1 1
+6 1
+1 1
+1 1
+1 1
+1 1
+1 1
+7 1
+1 1
+2 1
+1 1
+2 1
+1 1
+1 1
+3 1
+1 1
+1 1
+6 1
+1 1
+1 1
+1 1
+1 1
+1 1
+41 3
+1 3
+1 3
+1 3
+1 3
+2 3
+1 3
+1 3
+1 3
+1 3
+1 3
+1 3
+1 1
+4 1
+1 1
+1 1
+6 1
+1 1
+1 2
+4 1
+1 1
+3 1
+1 1
+1 1
+3 1
+1 1
+1 1
+6 1
+1 1
+1 1
+1 1
+1 1
+1 1
+72 6
+1 6
+1 6
+1 6
+1 6
+2 6
+1 6
+1 6
+1 6
+1 6
+1 6
+1 6
+1 2
+4 2
+1 2
+1 2
+6 2
+1 2
+1 4
+4 2
+1 2
+3 2
+1 2
+1 2
+3 2
+1 2
+1 2
+6 2
+1 2
+1 2
+1 2
+1 2
+1 2
1568 1
+1 1
+1 1
+1 1
+1 1
+2 1
+1 1
+1 1
+1 1
+1 1
+1 1
+1 1
+1 1
+4 1
+1 1
+1 1
+6 1
+1 1
+1 2
+4 1
+1 1
+3 1
+1 1
+1 1
+3 1
+1 1
+1 1
+6 1
+1 1
+1 1
+1 1
+1 1
+1 1
+72 4
+1 4
+1 4
+1 4
+1 4
+2 4
+1 4
+1 4
+1 4
+1 4
+1 4
+1 4
+1 3
+4 3
+1 3
+1 3
+6 3
+1 3
+1 6
+4 3
+1 3
+3 3
+1 3
+1 3
+3 3
+1 3
+1 3
+6 3
+1 3
+1 3
+1 3
+1 3
+1 3
+72 3
+1 3
+1 3
+1 3
+1 3
+2 3
+1 3
+1 3
+1 3
+1 3
+1 3
+1 3
+1 1
+4 1
+1 1
+1 1
+6 1
+1 1
+1 2
+4 1
+1 1
+3 1
+1 1
+1 1
+3 1
+1 1
+1 1
+6 1
+1 1
+1 1
+1 1
+1 1
+1 1
+72 2
+1 2
+1 2
+1 2
+1 2
+2 2
+1 2
+1 2
+1 2
+1 2
+1 2
+1 2
+1 1
+4 1
+1 1
+1 1
+6 1
+1 1
+1 2
+4 1
+1 1
+3 1
+1 1
+1 1
+3 1
+1 1
+1 1
+6 1
+1 1
+1 1
+1 1
+1 1
+1 1
+72 31
+1 31
+1 31
+1 31
+1 31
+2 31
+1 31
+1 31
+1 31
+1 31
+1 31
+1 31
+2 11
+4 11
+1 11
+1 11
+6 11
+1 11
+2 22
+4 11
+1 11
+3 11
+1 11
+1 11
+3 11
+1 11
+1 11
+6 11
+1 11
+1 11
+1 11
+1 11
+1 11
+74 25
+2 25
+1 25
+1 25
+1 25
-3 37
+1 37
+1 37
+1 37
+1 56
+5 28
+6 28
+1 28
+8 28
+1 28
-16 148
+6 148
+1 148
+8 148
+1 148

fl=(123)
fn=(392)
561 4
+3 1
+2 2
+13 1
cfn=(396) _dlfo_process_initial
calls=1 474 
* 79
+1 1
-1 1
+1 1
fi=(28)
56 1
cfi=(27)
cfn=(76)
calls=1 -21 
* 25
fe=(123)
580 1
fi=(28)
56 1
fe=(123)
582 2
+3 2
+5 1
+1 1
cfn=(396)
calls=1 474 
* 280
+3 3
+10 4
-37 2
cfi=(124) ./elf/./dl-find_object.h
cfn=(394) _dl_find_object_from_map
calls=1 95 
* 68
* 1
+29 2
cfn=(398) _dlfo_sort_mappings
calls=1 -60 
* 80
+3 6
+2 1

fn=(396)
474 2
+3 2
-3 2
+1 2
+3 4
+26 14
+1 6
+1 8
-1 16
+3 28
+3 24
-7 10
+25 2
+2 8
-18 18
+3 6
-1 6
cfi=(124)
cfn=(394)
calls=3 95 
* 189
+2 12

fn=(398)
536 1
+1 2
+3 4
+4 1
+1 1
-1 1
+1 2
-1 1
+1 1
-1 1
+1 6
+1 19
-1 9
+8 6
+1 4
-1 2
-13 4
+14 6
+1 4
-15 4
+17 1

fl=(75)
fn=(266)
252 8
42 1
+9 1
-10 1
+4 1
-4 1
+3 1
+4 2
+1 2
-1 2
+14 2
254 8

fl=(13)
fn=(100)
46 5
+2 3
+85 5
-45 2
cfi=(36)
cfn=(102)
calls=1 +32 
* 6
+15 1
-15 2
+20 1
-1 1
+3 12
+4 3
-2 6
+2 10
+3 1
-1 1
+1 3
-3 4
+7 3
-1 3
+4 3
-2 3
+2 10
+5 2

fl=(42) ./string/../sysdeps/x86_64/multiarch/../strchr.S
fn=(118) index
23 15
+1 15
+1 15
+1 15
+1 15
+1 15
+1 15
+1 15
+1 15
+1 15
+1 15
+1 15
+1 15
+1 15
+1 15
+1 15
+1 15
+1 15
+1 13
+4 13
+1 13
+1 13
+1 13
+2 13
+4 2
+1 2
+1 2
+1 2
+1 2
+1 2
+1 2
+1 2
+1 2
+1 2
+1 2
+1 2
+1 2
+1 2
+1 2
+1 2
+1 2
+1 2
+1 2
+1 2
+1 2
+1 2
+1 2
+1 2
+52 2
+4 2
+1 2
+1 2
+1 2
+2 2

fl=(77)
fn=(278) do_lookup_x
363 808
+1 101
-1 505
+48 101
-30 202
-11 101
+41 101
-30 303
+30 101
fi=(78) ./elf/../sysdeps/generic/dl-protected.h
44 303
fe=(77)
381 101
fi=(78)
44 404
fe=(77)
395 942
+4 314
+4 314
-3 314
+3 1256
+1 942
+3 314
+1 628
+7 314
-3 628
-2 314
+5 1256
+3 2198
570 666
374 632
+3 632
+4 644
+4 628
+4 628
+88 188
fi=(4)
137 188
+1 282
fe=(77)
528 188
fi=(78)
29 188
fe=(77)
535 732
+16 188
+1 94
+1 188
422 400
-1 200
+2 200
+2 1200
+13 417
-10 1165
+3 96
-1 192
+1 96
-1 96
+2 192
-1 1152
cfn=(280) check_match
calls=96 70 
* 9404
+4 288
+3 4
573 7
+1 808
-35 15
-70 12
171 42
452 752

fn=(276)
840 1010
+10 101
-10 202
+10 101
-10 101
+10 101
204 101
840 101
204 505
581 404
-1 202
+2 101
-1 101
+1 303
-1 303
+1 1287
-1 1287
+1 3861
-1 3861
+2 101
846 101
-4 101
+1 101
+7 101
-8 101
+1 101
+7 377
+3 101
+2 202
-2 101
+6 202
-7 606
+7 35
+1 1414
cfn=(278)
calls=101 363 
* 35669
* 303
+28 101
-23 101
+23 101
-23 202
+24 548
+7 94
-7 94
+40 376
+79 188
-65 282
+3 282
-62 101
+69 909
-86 42
+18 21
+59 2

fn=(280)
70 96
+3 96
-3 1152
+3 380
+13 94
-13 94
+13 94
-13 94
+13 282
+3 320
cfi=(32)
cfn=(90)
calls=33 +19 
* 1692
* 66
+4 94
+1 188
+2 184
+19 184
+1 736
-38 94
+84 564
-18 4
+2 4
+1 2
-1 4
+1 6
-1 4
+16 12
-45 276
cfi=(32)
cfn=(90)
calls=92 -9 
* 2392
* 184
-44 8
+82 4

fl=(31)
fn=(88)
868 3
+8 3
-8 3
+8 3
-6 3
+12 6
-13 3
+13 3
-13 3
+13 6
+3 9
+1 6
+1 6
+43 3

fn=(136) expand_dynamic_string_token
385 14
241 2
385 2
241 2
385 2
241 2
cfi=(42)
cfn=(118)
calls=2 23 
* 72
+3 4
410 2
-11 2
+11 12
-11 2
cfi=(44)
cfn=(138)
calls=2 40 
* 168

fn=(170)
2022 30
+8 6
+1 12
+3 42
+5 49
+2 21
cfi=(53)
cfn=(172)
calls=7 68 
* 935
* 14
+4 12
+1 18
+4 2
-1 10
+1 2
+1 2
-1 2
+1 2
cfi=(32)
cfn=(90)
calls=2 108 
* 86
* 4
2329 27
2068 2
+1 2
-1 2
+1 2
-1 2
+1 2
-1 4
-44 2
+53 6
+17 4
-2 2
+2 2
cfi=(42)
cfn=(118)
calls=2 23 
* 48
* 4
2260 2
-1 3
cfn=(136)
calls=1 385 
* 168
+2 1
-3 1
+1 1
+2 2
+4 5
cfn=(174) open_verify.constprop.1
calls=1 1568 
* 283
+3 2
-3 1
+3 1
+12 4
+46 1
+1 3
-1 1
+1 9
cfn=(182) _dl_map_object_from_fd
calls=1 944 
* 1819
-1 1
+1 3
-1 1
+1 9
cfn=(182)
calls=1 944 
* 2200
* 6
2098 2
cfi=(22)
cfn=(60)
calls=1 41 
* 17
* 2
+2 2
+7 4
+51 11
cfn=(214) open_path
calls=1 1870 
* 1504
+6 1
-6 1
+6 4
682 1
2165 1
682 2
2252 2
+28 4
+2 4
2111 1
696 3
2111 1
+1 1
696 2
2116 3
682 1
2117 1
682 2
2173 1
+14 2
+2 3
+4 2
cfi=(67)
cfn=(220)
calls=1 416 
* 1596
* 1
+2 2
+4 2
+8 3
+23 6
cfn=(216) open_verify.constprop.0
calls=1 1568 
* 396
+4 2
-4 1
+4 1
+1 2
2131 5
+1 10
682 1
2133 1
682 2
2157 3
+1 2
-16 2

fn=(132) fillin_rpath.isra.0
468 7
+4 1
-4 8
+6 3
cfi=(7)
cfn=(134) strsep
calls=1 239 
* 240
* 3
cfi=(7)
cfn=(134)
calls=1 239 
* 8
* 6
+7 2
+2 3
cfn=(136)
calls=1 -98 
* 118
* 1
+4 2
+5 2
cfi=(22)
cfn=(60)
calls=1 41 
* 17
* 1
+1 2
+7 5
+9 15
+1 8
+55 2
fi=(28)
50 2
cfi=(27)
cfn=(142)
calls=1 +45 
* 5
+1 1
fe=(31)
528 2
+4 3
fi=(28)
56 1
cfi=(27)
cfn=(76)
calls=1 -21 
* 25
* 1
fe=(31)
534 2
+5 1
+1 2
-1 1
-1 1
+2 1
cfi=(29)
cfn=(126)
calls=1 199 
* 13
+3 1
-3 1
+1 1
+2 1
+6 1
+1 1
-1 3
+1 11
+1 1
-1 1
+1 2
-1 2
+1 1
-1 1
+1 2
-1 6
+1 1
-1 1
+1 1
-1 2
+3 1
+1 1
-1 1
+1 2
+1 1
+6 2
+1 2
-57 4
+66 1
+3 8
-46 4

fn=(214)
1870 8
+1 1
-1 6
+1 1
+6 2
+5 16
-7 2
+7 1
-8 1
+8 2
+3 2
+9 6
+7 3
+1 1
-1 1
cfi=(29)
cfn=(126)
calls=1 199 
* 13
-12 1
+12 1
+59 5
-58 4
+3 18
+5 72
cfi=(29)
cfn=(126)
calls=9 199 
* 123
* 36
cfi=(29)
cfn=(126)
calls=9 199 
* 117
+3 18
+6 27
+3 54
cfn=(216)
calls=9 1568 
* 486
* 9
+2 27
+2 18
+65 8
+7 2
-2 2
+2 2
+3 3
-13 1
+27 9
1902 52
+29 18
+1 63
+6 18
+2 9
-2 9
+2 18
cfi=(66)
cfn=(218)
calls=9 28 
* 142
* 9
+3 9
-3 18
+1 1
+2 2
-2 1
+2 24
-61 2

fn=(216)
1568 110
+39 30
+19 40
cfi=(54)
cfn=(176)
calls=10 28 
* 217
* 10
+2 20
+11 1
+6 2
-5 1
+5 8
cfi=(55)
cfn=(178)
calls=1 25 
* 6
+2 2
+2 2
+2 2
+6 2
+17 11
fi=(28)
50 2
cfi=(27)
cfn=(142)
calls=1 +45 
* 5
fe=(31)
1856 90
1674 3
+74 2
+5 2
+2 4
+6 2
+6 1
+1 1
-1 3
+1 1
-1 1
+1 2
+21 3
+31 1
-31 1
1633 1
1820 2
-31 48
+1 24
+1 8
+4 8
+6 4
+1 28
+10 12
cfi=(70)
cfn=(230)
calls=2 25 
* 14
* 16
+8 18
+15 2
+6 1
-3 1
+1 1
+1 1
+1 2
-3 1
+1 1
+1 1
+2 1
-3 3
-1 1
+4 2
-19 18
+3 2
-4 2
+4 4
+5 1
+1 4
-60 13
+1 3
-1 1
+1 3
cfi=(70)
cfn=(230)
calls=1 25 
* 7
* 3
+16 5
1612 18
+62 3
1802 4
-30 2

fn=(174)
1568 11
+39 3
+19 4
cfi=(54)
cfn=(176)
calls=1 28 
* 19
* 1
+2 2
+11 1
+6 2
-5 1
+5 8
cfi=(55)
cfn=(178)
calls=1 25 
* 6
+2 2
+2 2
+2 2
+6 2
+17 11
fi=(28)
50 2
cfi=(27)
cfn=(142)
calls=1 +45 
* 5
fe=(31)
1856 9
1674 3
+74 2
+5 2
+2 4
+6 2
+6 1
+1 1
-1 3
+1 1
-1 1
+1 2
+1 2
+20 3
+31 1
-31 1
1633 1
1820 2
-31 66
+1 28
+1 8
+4 8
+25 12
+3 18
+3 2
-4 2
+4 4
+6 4
-36 6

fn=(182)
944 20
+10 2
-10 8
+10 2
cfi=(45)
cfn=(184)
calls=2 38 
* 14
* 2
+7 8
+85 8
+10 4
+7 14
cfi=(26)
cfn=(70)
calls=2 59 
* 766
* 2
+1 4
+11 4
+5 2
-5 2
+1 4
+1 2
+2 2
-2 2
+2 4
+1 6
+1 2
+19 2
-2 1
+2 12
-2 1
+2 30
+10 8
+85 2
-58 2
-34 2
-1 2
+93 2
+6 2
-64 4
+9 2
+55 4
-55 2
-42 2
+97 4
1101 2
-5 4
+15 60
+20 2
+1 1
-22 69
+1 127
1213 4
1110 2
1213 4
1110 6
1218 6
+10 4
+1 2
-1 2
+1 2
-1 6
+1 6
-1 6
+1 6
-1 18
1076 4
1235 4
+10 8
+7 4
fi=(60) ./elf/./dl-map-segments.h
96 2
fe=(31)
1252 6
fi=(60)
28 2
fe=(31)
1252 2
fi=(60)
96 2
fe=(31)
1252 2
fi=(60)
28 4
+1 16
cfi=(59)
cfn=(192)
calls=2 +18 
* 18
+74 4
-1 2
-73 2
+74 2
+3 4
+1 2
+2 2
-3 2
+1 2
+2 2
+17 2
+2 2
fi=(61) ./elf/./dl-load.h
-37 16
+1 6
+2 16
fi=(60)
+56 32
+8 2
-2 2
+1 2
+2 2
-1 2
+1 2
-1 6
+8 4
+3 4
+8 14
cfi=(43)
cfn=(130)
calls=2 -52 
* 237
+1 4
+5 4
+12 8
-59 40
+2 12
+3 6
-3 12
+2 48
cfi=(59)
cfn=(192)
calls=6 -93 
* 54
* 18
fi=(56) ./elf/../sysdeps/posix/dl-fileid.h
37 6
cfi=(57)
cfn=(188)
calls=2 -8 
* 30
* 4
fe=(31)
999 4
fi=(56)
40 6
fe=(31)
999 2
fi=(56)
40 2
fe=(31)
999 23
+1 10
fi=(56)
49 12
fe=(31)
1515 18
1018 4
+66 13
+1 2
-1 1
+1 1
-1 1
+1 1
cfi=(70)
cfn=(230)
calls=1 25 
* 7
* 2
+26 26
+26 48
+10 8
-1 8
-1 8
+2 8
+2 8
-2 8
-1 48
+2 16
+1 8
+2 8
-3 8
+3 48
+2 16
+4 16
+1 30
+4 6
+1 6
-1 6
+1 42
-18 6
+28 6
-11 2
+1 2
-1 2
+1 14
-18 2
+28 2
-56 4
+7 2
+2 2
-2 2
+1 2
+1 2
-1 4
+1 16
+50 3
+5 1
-1 2
+5 1
-5 2
-56 1
+61 4
+1 1
+3 1
-3 1
+8 4
+15 4
+1 2
+58 8
+1 6
fi=(62) ./elf/./elf/get-dynamic-info.h
39 4
+6 2
-2 2
+2 4
+9 2
+5 2
+3 2
+2 2
-3 2
-3 2
-3 28
+13 8
-23 32
+23 29
-23 116
+4 74
+5 40
+2 10
+3 8
+13 8
+10 7
+1 8
+1 8
+1 8
+2 8
+5 7
+1 7
+1 8
+3 6
+5 2
+7 4
+1 6
+22 6
+5 2
+2 2
+2 2
+2 2
+4 6
+2 3
+1 2
+9 2
+6 2
+4 4
fe=(31)
1275 4
+1 4
+2 4
+10 6
+19 6
+2 10
+52 6
+1 2
+6 16
+1 42
+6 8
cfn=(88)
calls=2 868 
* 40
-7 54
+1 25
+6 25
-6 50
fi=(30)
95 16
213 2
-1 4
105 4
212 2
105 2
-2 2
-3 2
+2 2
+3 2
-4 4
+92 8
-1 2
-87 6
+3 6
+1 4
+1 4
+4 6
+4 6
+3 6
+1 4
+4 2
+1 8
+58 6
+2 8
-56 6
+1 3
+3 6
+3 3
+1 12
+5 6
+2 6
+5 6
+14 3
-1 6
+2 2
-1 4
fe=(31)
1380 4
cfi=(63)
cfn=(202)
calls=2 25 
* 12
* 4
+13 4
+2 8
+2 4
+16 4
cfi=(8)
cfn=(14)
calls=2 25 
* 58
+4 4
+1 4
+17 4
+1 1
+3 1
+5 1
-5 1
+5 1
-5 1
+5 1
-5 1
+5 1
+10 4
+7 12
+10 4
+1 4
+5 2
cfi=(46)
cfn=(234)
calls=1 131 
* 10
+7 6
cfi=(26)
cfn=(82)
calls=2 31 
* 94
+3 8
+23 14
+1 6
cfi=(48)
cfn=(204)
calls=2 76 
* 10
* 2
fi=(61)
95 5
+2 1
-1 2
+1 1
-1 1
+1 1
-1 1
+1 1
-1 2
+3 4
fe=(31)
1506 10
fi=(30)
198 8
+2 2
+1 2
+2 2
-3 6
fe=(31)
1368 6
fi=(62)
62 8
+2 8
fe=(31)
1084 2
fi=(60)
187 8
cfi=(59)
cfn=(192)
calls=1 47 
* 9
+3 2
fe=(31)
1462 6
+2 1
-1 5
+1 1
-1 1
+1 1
-1 1
cfi=(32)
cfn=(90)
calls=1 108 
* 25
* 2
+2 5
1275 2
fi=(56)
49 3
fi=(30)
170 3
-39 2
fe=(31)

fn=(210) _dl_dst_count
238 4
+3 2
-3 4
+7 2
-7 4
+3 2
cfi=(42)
cfn=(118)
calls=2 23 
* 72
+3 4
+20 14

fn=(106)
706 11
+14 1
-14 2
+14 2
cfi=(38)
cfn=(108)
calls=1 175 
* 1646
fi=(28)
56 1
fe=(31)
720 1
fi=(28)
56 1
cfi=(27)
cfn=(76)
calls=1 -21 
* 25
fe=(31)
725 1
+2 2
+7 2
+1 2
-1 3
+5 3
fi=(28)
56 1
cfi=(27)
cfn=(76)
calls=1 -21 
* 25
fe=(31)
739 1
+2 4
+17 1
-10 1
+19 1
-11 1
-9 1
+9 1
+12 2
-10 1
+3 2
+9 1
-7 1
+4 1
+3 2
-3 1
-8 1
+3 1
+8 1
-3 1
+1 16
cfi=(43)
cfn=(130)
calls=4 125 
* 72
+2 18
-14 3
+10 3
+4 3
-12 3
-2 3
+2 3
+4 3
-3 3
+3 3
+1 3
-2 3
+5 6
+1 3
-4 3
+4 3
+15 1
+3 1
-15 1
+7 1
-1 1
+9 2
+2 4
+2 3
+36 5
+2 2
cfi=(22)
cfn=(60)
calls=1 41 
* 17
* 9
-19 1
-2 1
+2 2
+19 9
cfi=(29)
cfn=(80)
calls=1 212 
* 11
* 1
+5 4
-1 2
+2 1
+1 2
-2 4
+1 13
+1 26
-2 52
+5 1
fi=(28)
56 1
cfi=(27)
cfn=(76)
calls=1 -21 
* 25
fe=(31)
836 1
fi=(28)
56 1
fe=(31)
838 2
+6 6
cfn=(132)
calls=1 468 
* 583
+3 3
+6 1
+4 8
-35 2
+5 2

fl=(129)
fn=(414)
27 1
+2 2
-2 1
+6 3
-6 1
+6 3
-6 1
+6 1
cfi=(128)
cfn=(410)
calls=1 +41 
* 177
+4 2
+2 4
+2 1
-1 1
+1 2
-1 1
cob=(3)
cfi=(130)
cfn=(416)
calls=1 -7 
* 1108

fl=(58)
fn=(190)
153 24
-55 24
+70 28
+1 4
-2 16
+1 16

fl=(22)
fn=(60)
41 16
+44 16
+1 16
+1 16
+1 16
+1 16
+1 16
+1 16
+2 16
+2 16
+31 14
+1 14
+1 14
+1 14
+1 14
+1 9
+2 9
+4 5
+1 5
+1 5
+1 5
+1 5
+1 5
+1 5
+1 5
+1 5
+1 5
+1 5
+1 5
+5 40
+4 2
+1 28
+1 16

fl=(49)
fn=(156)
25 1
+2 1
+7 1
+1 1
+2 1
+1 1
+1 1
+1 1
+1 33
+3 3
+7 1
+1 1
+1 1
+1 1
+2 1
+1 1
+1 1
+1 1
+2 1
+1 1
+1 1
+9 3
+12 1
+2 1
+1 1
+1 1
-4 12
+2 12
+1 12
+1 12
+2 13
+1 13
+1 13
+2 13
+1 13
+1 13
+2 13
+1 13
+1 13
+2 1
+1 1
+1 1
+2 1
+7 1
+4 1

fl=(135) ./elf/../sysdeps/x86_64/dl-trampoline.h
fn=(432) _dl_runtime_resolve_xsave
67 2
+5 2
+3 2
+2 2
+10 2
+6 2
+1 2
+1 2
+1 2
+1 2
+1 2
+1 2
+4 2
+1 2
+3 2
+1 2
+2 2
+1 2
+1 2
+1 2
+1 2
+1 2
+2 2
+7 2
+1 2
+1 2
cfi=(136)
cfn=(434)
calls=2 -80 
* 1555
+1 2
+5 2
+1 2
+1 2
+2 2
+1 2
+1 2
+1 2
+1 2
+1 2
+1 2
+2 2
+2 2
+4 2
+2 2

fl=(124)
fn=(394)
95 8
+1 8
+1 4
+6 20
+1 119
+1 82
+2 12
+5 4

fl=(45)
fn=(150)
116 2
+1 2

fn=(144)
56 1
+3 2
+4 1
-6 1
+4 1
+2 2
+22 2
+5 2
+1 1
+1 1
-1 1
-1 1
+5 2
+4 2
+8 2
-43 2
+32 6

fn=(184)
38 3
+3 3
-1 6
+4 6
+4 3

fl=(65)
fn=(208)
159 5
+1 3
-1 1
+1 1
-1 2
+1 1
-1 3
+1 1
-1 4
+1 12
-8 1
-7 1
+15 1
-14 1
+6 1
+8 1
-15 1
+7 1
-8 1
+1 1
+7 1
-7 1
+31 3
-28 3
-2 1
+31 1
-33 2
+2 2
+30 2
-30 1
-1 4
+7 4
+24 2
-32 1
+60 1
-60 2
+36 1
fi=(72) ./elf/../include/scratch_buffer.h
77 3
fe=(65)
198 1
fi=(72)
78 1
fe=(65)
200 2
+98 1
198 1
+4 1
+7 1
+4 4
-4 3
+4 12
+11 12
-18 2
+18 4
433 12
+2 2
+3 2
-3 4
+3 2
fi=(28)
56 2
cfi=(27)
cfn=(76)
calls=2 -21 
* 50
* 2
fe=(65)
439 4
+6 2
+1 10
cfi=(29)
cfn=(80)
calls=2 212 
* 22
+1 10
cfi=(29)
cfn=(80)
calls=2 212 
* 22
+4 2
-1 2
+5 16
204 9
458 9
-1 4
+1 8
199 3
+27 10
+5 2
+6 2
-5 2
-1 2
+2 4
+4 8
-31 2
+31 2
+1 6
+6 8
cfi=(31)
cfn=(210)
calls=2 -6 
* 108
* 6
+4 4
-2 2
+2 4
cob=(2)
cfi=(50)
cfn=(162)
calls=2 0 
* 6985
+1 4
+9 2
+2 4
+5 10
+6 2
+2 2
-8 4
+3 2
+1 2
+1 2
+1 2
+4 10
+4 6
+1 3
-43 200
+1 96
+44 144
-38 4
fi=(72)
85 3
fe=(65)
464 6
+1 1
+3 4
+11 3
fi=(28)
56 1
cfi=(27)
cfn=(76)
calls=1 -21 
* 25
* 1
fe=(65)
481 2
+5 3
+1 1
-1 2
+4 2
-2 1
+2 1
-2 2
+11 3
+5 3
-14 9
-2 3
+4 3
+7 3
-2 6
-5 1
+7 1
-2 2
+2 2
+5 1
-14 6
+17 2
+52 3
+37 3
+15 1
-11 1
+11 1
-14 2
+20 1
-1 3
+1 3
-1 5
cfi=(12)
cfn=(242)
calls=1 288 
* 260
+5 1
+3 1
-1 1
+2 2
+7 3
+3 3
+3 8
214 25
+3 2
fi=(72)
-86 6
cfi=(71)
cfn=(236)
calls=2 30 
* 40
fe=(65)
+86 4
+4 6
611 2
cfi=(29)
cfn=(80)
calls=1 212 
* 11
* 1
-53 2
160 2
380 6

fn=(212)
61 6
+7 2
-4 4
+1 2
-1 16
cfi=(31)
cfn=(170)
calls=2 2022 
* 6827
* 2
+5 4

fl=(127)
fn=(408)
30 2
+10 3
-10 1
+10 2
-10 1
+7 1
+3 2
cfi=(128)
cfn=(410)
calls=1 +34 
* 175
+4 2
+1 8
+2 3
-2 1
+2 3
cfi=(128)
cfn=(410)
calls=1 +27 
* 198
+4 2
+1 6
+1 2
-1 1
+1 2

fl=(59)
fn=(192)
47 24
+3 24
+8 48
+2 12

fl=(41)
fn=(120) _dl_hwcaps_contains
66 3
+1 6
+1 3
+9 3

fn=(116)
51 40
-25 42
+4 24
+4 48
+1 12
-1 24
+2 24
+5 27
cfi=(42)
cfn=(118)
calls=9 -18 
* 216
+1 18
+3 6
+11 12
+1 12
+1 6
-1 6
+1 6
-2 6
+1 6
+1 3
-1 3
+1 15
cfn=(120)
calls=3 +8 
* 15
* 6
-3 5
+7 32
-19 6
cfi=(22)
cfn=(60)
calls=3 -2 
* 51
* 3

fn=(122)
25 4
+1 3
+21 1
-20 1
+20 3

fl=(73)
fn=(250)
361 6
+4 5
-2 2
+4 24
cfn=(252) _dl_check_map_versions
calls=4 155 
* 3763
-2 4
+2 12
-1 4
-1 8
+5 7

fn=(252)
155 32
+15 4
-15 8
+15 8
+2 20
+2 4
+1 4
-1 4
+1 4
+2 8
+3 4
-16 2
-8 2
+28 2
-4 2
+4 4
+16 2
36 4
200 2
36 10
+1 5
-1 10
+2 21
cfi=(53)
cfn=(172)
calls=7 +30 
* 958
* 14
208 6
+5 2
-71 4
+71 6
+8 2
-2 2
-2 4
+4 2
-4 12
+4 5
-2 5
-2 10
+4 5
-4 50
56 28
+8 21
+6 21
+16 7
+1 14
+2 7
+5 63
+14 136
+12 183
+4 61
-30 122
224 28
+3 21
+5 5
-11 5
110 7
+3 28
cfi=(32)
cfn=(90)
calls=7 -5 
* 216
* 30
236 8
+14 4
+3 8
+10 42
-7 168
+3 126
-3 8
+3 6
+8 6
+6 3
fi=(28)
44 3
fe=(73)
273 3
fi=(28)
44 3
cfi=(27)
cfn=(72)
calls=3 +34 
* 108
fe=(73)
272 3
fi=(28)
44 3
fe=(73)
274 6
+13 3
-3 3
+3 12
+2 9
+3 8
+4 6
+7 7
+1 7
-1 21
+1 7
+1 7
-2 7
+2 14
+1 21
+3 21
+5 5
-15 5
+2 5
-2 5
+2 5
-2 5
+2 10
-2 2
+2 2
-2 2
+2 2
-2 2
+2 4
+16 6
+39 36
-29 9
+3 8
+4 42
+6 42
+1 42
+1 42
-1 126
+1 42
-1 42
+1 42
+1 42
+3 126
+4 42
-14 88
+10 6
164 2
+86 2
-94 2
+94 3

fl=(190)
fn=(730)
31 9
+20 3
-3 7
+3 4
+3 2
cob=(3)
cfi=(191)
cfn=(732)
calls=1 +23 
* 43
+2 1
+3 2
+2 6
+7 2
-2 1
+2 1
cfi=(48)
cfn=(442)
calls=1 -28 
* 21
+5 14
+5 1
-5 1
+5 3
+2 8
+2 8
+2 8
+1 4
+1 4
+4 4
-12 12
+14 6
+1 4
+6 5
cfi=(12)
cfn=(242)
calls=1 288 
* 300
+9 2
cob=(3)
cfi=(192)
cfn=(734)
calls=1 367 
* 34
+5 6
+2 1
+2 3
-2 3
+2 9
+3 8
+3 12
+4 2
+11 4
+1 1
+1 2
+1 5
+1 2
cob=(5)
cfi=(144)
cfn=(736)
calls=1 0 
* 92
-1 5
+5 3
+1 6
cob=(2)
cfi=(50)
cfn=(762) 0x000000000483f334
calls=1 0 
* 110
cob=(2)
cfi=(50)
cfn=(758) 0x000000000010a904
calls=1 0 
* 4
+6 8
cfi=(48)
cfn=(760)
calls=4 -57 
* 20
+5 4
-45 12
+49 3
cfi=(48)
cfn=(442)
calls=1 40 
* 21
* 2
-38 9
+3 2
+41 6
+6 2
+7 8
73 2

fl=(1) ???
fn=(0) 0x00000000000202b0
0 2
cfi=(2)
cfn=(2)
calls=1 527 
0 148824
0 14
cfi=(138)
cfn=(450)
calls=1 77 
0 352
0 3
cob=(5)
cfi=(144)
cfn=(484)
calls=1 0 
0 6060277270

fl=(16)
fn=(40) update_active.constprop.0
43 7
+45 1
-41 1
+28 1
-18 1
+31 1
+4 1
-36 1
-1 1
+37 1
-26 1
-11 1
+1 1
+36 2
+1 1
-17 1
-21 1
+25 1
-4 1
-11 1
+28 1
-1 1
-36 1
+18 1
+19 1
-13 1
-4 1
-11 1
+19 1
+11 1
-3 1
-12 1
+14 1
-29 1
+18 1
+9 1
-18 1
+13 1
-13 1
-9 1
+29 2
+3 1
-14 1
-9 1
+9 1
+4 1
+10 1
-17 1
+7 1
+5 1
+5 1
+1 1
-1 1
+1 2
+2 2
+1 4
+3 1
+1 1
-1 1
+1 1
-1 1
+1 1
-1 1
+1 1
+4 2
+4 2
+2 4
+83 3
+12 2
+1 1
+3 3
+4 1
-4 1
+4 1
+67 3
+4 3
fi=(18)
31 1
-3 1
+3 1
-1 2
fe=(16)
296 1
+1 8
-75 3
+1 2
+3 1
-1 1
+9 1
-5 1
+2 1
-2 1
+5 1
fi=(18)
32 3
+4 3
fe=(16)
+83 2
+2 1
+3 2
+10 1
+10 1
-10 1
+10 1
-10 1
+6 1
+4 1
-4 1
-6 1
+6 1
+2 1
-2 1
+2 3
+7 4
fi=(18)
39 3
+1 4
+5 1
-7 1
+7 3
+2 1
+1 2
+1 3
fe=(16)

fn=(34)
399 1
+16 1
-16 6
+3 1
+1 1
+1 1
+11 2
+3 6
593 1
+94 5
+1 1
+3 2
+1 1
+6 1
+3 1
fi=(19)
+5 1
+2 1
fe=(16)
-9 1
fi=(19)
+23 2
840 1
+34 1
-34 17
+33 2
+25 2
+21 2
-21 2
+13 3
+8 1
-8 1
+8 1
cfi=(10)
cfn=(24)
calls=1 402 
* 21
* 1
+2 2
+3 4
cfi=(10)
cfn=(24)
calls=1 402 
* 21
* 1
+5 2
-3 2
+3 2
cfi=(10)
cfn=(24)
calls=1 402 
* 21
* 1
+2 2
+3 4
cfi=(10)
cfn=(24)
calls=1 402 
* 21
* 1
+1 2
+22 1
-16 4
+3 3
-3 1
cfi=(10)
cfn=(24)
calls=1 402 
* 21
+3 3
-3 2
+3 10
cfi=(10)
cfn=(54)
calls=1 157 
* 58
+1 8
cfi=(10)
cfn=(54)
calls=1 157 
* 58
+1 9
cfi=(10)
cfn=(54)
calls=1 157 
* 58
+2 8
cfi=(10)
cfn=(54)
calls=1 157 
* 58
+2 9
cfi=(10)
cfn=(54)
calls=1 157 
* 58
+4 2
fe=(16)
706 1
fi=(19)
954 2
fe=(16)
706 2
fi=(19)
954 4
fe=(16)
706 1
cfi=(10)
cfn=(24)
calls=1 402 
* 19
+4 3
+14 1
-1 2
+1 3
+47 1
-1 1
+1 1
+46 4
cfi=(10)
cfn=(24)
calls=1 402 
* 19
+2 4
cfi=(10)
cfn=(24)
calls=1 402 
* 19
fi=(21) ./elf/../sysdeps/unix/sysv/linux/x86/cpu-features.c
27 6
fe=(16)
829 2
+45 8
fi=(19)
+7 11
fe=(16)
775 3
+17 2
fi=(19)
-68 3
cfn=(46)
calls=1 255 
* 435
+1 1
-1 2
+1 1
cfn=(46)
calls=1 255 
* 476
+1 1
-1 1
+1 1
cfn=(46)
calls=1 255 
* 501
+3 1
-3 2
+3 1
cfn=(46)
calls=1 255 
* 457
+2 1
-2 1
+2 1
cfn=(46)
calls=1 255 
* 449
+3 1
-2 1
-1 1
+3 1
cfn=(46)
calls=1 255 
* 426
+2 1
-2 1
+2 1
cfn=(46)
calls=1 255 
* 427
+3 1
-2 1
-1 1
+3 1
cfn=(46)
calls=1 255 
* 467
+2 1
-2 1
+2 1
cfn=(46)
calls=1 255 
* 468
+3 1
-3 1
+3 1
cfn=(46)
calls=1 255 
* 492
+2 1
-2 1
+2 1
cfn=(46)
calls=1 255 
* 493
+2 1
-2 1
+2 1
cfn=(46)
calls=1 255 
* 788
+2 3
-2 1
+2 1
cfn=(52)
calls=1 481 
* 214
863 11
fe=(16)
424 6
cfn=(36) get_common_indices.constprop.0
calls=1 -99 
* 71
303 3
+1 2
+1 6
+5 2
+1 6
+5 2
+1 6
429 1
cfn=(40)
calls=1 43 
* 177
+2 1
+2 1
+83 1
-85 2
564 2
+7 2
+2 1
+4 2
+6 2
422 2
-3 1
579 2
433 3
+1 4
+69 1
+10 4
-79 11
+55 3

fn=(36)
325 1
+4 4
+3 3
+5 2
-5 1
+5 1
-5 1
+4 1
+1 1
+1 4
+1 4
+1 3
+1 2
+7 2
+2 5
+5 1
-5 1
+5 1
-5 1
+5 1
-5 2
+5 1
+7 1
-7 4
+7 1
+1 3
+6 1
-6 4
+6 1
fi=(17) ./elf/../sysdeps/unix/sysv/linux/x86/dl-minsigstacksize.h
24 2
+3 2
+1 2
+37 3
+7 1
+2 1
fe=(16)
384 2

fl=(14)
fn=(28)
35 1
+1 3
+1 2
+6 1
+1 1

fl=(24)
fn=(262)
68 2
fi=(212) ./elf/../include/list.h
-24 1
fe=(24)
+24 1
fi=(212)
-25 1
fe=(24)
+26 1
+3 1
fi=(212)
-29 1
+1 1
+1 1
+2 1
fe=(24)
+28 4
+1 2
+1 1
+5 2
+5 1
+6 1
-3 1
+3 1
-6 3
+6 1
+13 3
fi=(74) ./elf/../sysdeps/unix/sysv/linux/rseq-internal.h
-72 1
fe=(24)
+72 1
cfi=(10)
cfn=(24)
calls=1 402 
* 20
fi=(74)
-74 3
+2 6
+3 2
+3 1
fe=(24)
+83 3
+7 2
+2 1
+1 1
+1 3

fn=(84)
42 8
+2 16

fn=(66)
53 3
+3 8
+5 1
-5 1
+5 1
+1 1
-6 1
+8 1

fl=(7)
fn=(404) lookup_malloc_symbol
61 8
+3 4
-3 16
+3 4
-3 4
+3 8
-1 4
+1 12
cfi=(77)
cfn=(276)
calls=4 840 
* 2104
+4 28
+1 28
+2 4
fi=(126) ./elf/./dl-sym-post.h
-30 8
+12 12
fe=(7)
+19 20

fn=(12)
42 1
+1 2
+1 2
+1 2
+1 2
+1 1

fn=(400)
76 2
+10 1
fi=(125) ./elf/../sysdeps/generic/dl-hash.h
-41 1
fe=(7)
+31 1
fi=(125)
-32 1
fe=(7)
+32 5
+11 1
-1 1
fi=(125)
-43 1
+5 3
+14 4
-17 3
+3 15
+14 20
-17 15
fe=(7)
+46 2
fi=(125)
-24 1
fe=(7)
+22 1
+2 2
fi=(125)
-19 1
fe=(7)
+19 1
cfn=(404)
calls=1 -30 
* 575
+1 3
-1 1
+1 1
cfn=(404)
calls=1 -31 
* 575
+1 3
-1 1
+1 1
cfn=(404)
calls=1 -32 
* 561
+1 3
-1 1
+1 1
cfn=(404)
calls=1 -33 
* 553
+5 1
+1 1
+1 1
+1 1
+1 7

fn=(134)
239 2
+3 4
+2 2
+1 4
+4 33
+7 84
-2 56
+13 1
+4 4
-22 14
+15 14
-15 30

ob=(2)
fl=(50)
fn=(502)
0 2
cob=(1)
cfi=(48)
cfn=(506)
calls=1 117 
0 5
cob=(1)
cfi=(135)
cfn=(432)
calls=1 67 
0 824
0 5

fn=(162)
0 6
cob=(1)
cfi=(51)
cfn=(164)
calls=3 175 
0 9738

fn=(518)
0 9406686
cob=(3)
cfi=(152)
cfn=(520)
calls=4703343 25 
0 4692232837

fn=(742)
0 2
cob=(3)
cfi=(193)
cfn=(744)
calls=1 30 
0 72

fn=(676)
0 756
cob=(3)
cfi=(160)
cfn=(630)
calls=378 3352 
0 38420

fn=(454)
0 6
cob=(4)
cfi=(139)
cfn=(458)
calls=1 0 
0 12
0 1
cob=(4)
cfi=(139)
cfn=(466)
calls=1 0 
0 5
0 2

fn=(582)
0 3690918
cob=(3)
cfi=(168)
cfn=(584)
calls=1845459 23 
0 42777148

fn=(628)
0 1615656
cob=(3)
cfi=(160)
cfn=(630)
calls=807828 3352 
0 103743105

fn=(704)
0 3916
cob=(3)
cfi=(185)
cfn=(706)
calls=1958 23 
0 41118

fn=(594)
0 1672044
cob=(3)
cfi=(160)
cfn=(544)
calls=836022 3287 
0 165488822

fn=(158)
0 2
cob=(1)
cfi=(51)
cfn=(160)
calls=1 225 
0 2782

fn=(618)
0 1079332
cob=(3)
cfi=(174)
cfn=(620)
calls=539666 199 
0 7021325

fn=(674)
0 1384640
cob=(3)
cfi=(174)
cfn=(622)
calls=692320 212 
0 12460077

fn=(758)
0 4

fn=(492)
0 7

fn=(542)
0 550
cob=(3)
cfi=(160)
cfn=(544)
calls=275 3287 
0 10121254

fn=(652)
0 756
cob=(3)
cfi=(176)
cfn=(654)
calls=378 306 
0 198480921

fn=(698)
0 1958
cob=(3)
cfi=(183)
cfn=(700)
calls=979 27 
0 692961

fn=(770)
0 2
cob=(3)
cfi=(193)
cfn=(744)
calls=1 30 
0 72

fn=(426)
0 38
cob=(1)
cfi=(10)
cfn=(24)
calls=19 402 
0 391
cob=(1)
cfi=(135)
cfn=(432)
calls=1 67 
0 813
0 5

fn=(476)
0 2
cob=(3)
cfi=(142)
cfn=(478)
calls=1 23 
0 25

fn=(596)
0 112398
cob=(3)
cfi=(171)
cfn=(598)
calls=56199 125 
0 13768755

fn=(602)
0 1075710
cob=(3)
cfi=(172)
cfn=(604)
calls=537855 31 
0 71283004

fn=(762)
0 3
cob=(4)
cfi=(139)
cfn=(764)
calls=1 0 
0 105
0 2

totals: 6060426465
